8.115435645832982632e-04
-6.592465723831157816e-04
9.999999994765162038e-04
-6.598573342495714020e-04
-3.585027435948723805e-04
9.492250426957722035e-04
-2.212057796823051897e-04
9.503976602589277872e-04
9.999999975068966408e-04
3.562935171308396001e-04
2.687418828221845718e-04
9.999999965489775669e-04
8.397063892095009592e-04
-9.999999979371297469e-04
1.933647628794308107e-04
9.999999987853358009e-04
-9.999997112328214491e-04
0.000000000000000000e+00
0.000000000000000000e+00
0.000000000000000000e+00
0.000000000000000000e+00
0.000000000000000000e+00
0.000000000000000000e+00
0.000000000000000000e+00
0.000000000000000000e+00
0.000000000000000000e+00
0.000000000000000000e+00
0.000000000000000000e+00
0.000000000000000000e+00
0.000000000000000000e+00
0.000000000000000000e+00
0.000000000000000000e+00
0.000000000000000000e+00
0.000000000000000000e+00
0.000000000000000000e+00
