-7.941321302885012701e-02 3.785505002508963202e+01
1.130948472893006096e-01 3.787074711624840262e+01
6.245401123404040120e-06 3.786470780563285388e+01
8.004613123370518305e-06 3.785340948706371478e+01
1.432584561626964744e-06 3.786316045661031637e+01
1.154213433345409682e-05 3.787308202751049890e+01
-1.478780232572133407e-05 3.787257287557151386e+01
6.487384552057889410e-06 3.786324312209050191e+01
8.730387842382624297e-06 3.787246437631833373e+01
-6.974068372870121865e-03 3.786555753596680063e+01
