0.000000000000000000e+00 -1.005126673010999488e-05 -2.273305432084001229e-05
1.280000000000000027e-01 -2.936511490933180996e-05 -2.196152437327895329e-06
2.425000000000000211e-01 -1.998552590791689832e-05 1.401553102336407878e-05
3.874999999999999556e-01 -2.740211358618556853e-05 1.568964535351477006e-05
5.279999999999999138e-01 -1.691856813964501965e-05 2.541102280053345882e-05
6.379999999999999005e-01 -5.562673658939752630e-06 3.701128412730042452e-05
7.789999999999999147e-01 5.770768842024819898e-06 3.057460716569200044e-05
1.137000000000000011e+00 3.420296688520739199e-05 1.085910839342508199e-05
1.288000000000000034e+00 4.619531857381251299e-05 2.543353324675586869e-06
1.397999999999999909e+00 5.545262416293189394e-05 -3.546151650866243843e-06
1.530999999999999917e+00 4.708025338362930109e-05 -1.060921664351688695e-05
1.631000000000000005e+00 5.848376718213864703e-05 -1.154729657162392099e-05
1.743000000000000105e+00 5.677901554976341476e-05 -1.538641486431732597e-05
1.905000000000000027e+00 5.431321408150633349e-05 -2.093942525196331619e-05
2.004999999999999893e+00 4.096609478960676050e-05 -2.947103271037473569e-05
2.104999999999999982e+00 4.127360741271366936e-05 -2.508945462247651534e-05
2.248000000000000220e+00 3.231562560395322213e-05 -2.011298613293796919e-05
2.442000000000000171e+00 1.444933470931619517e-05 -2.002665487726308901e-05
2.577999999999999847e+00 1.924512226477859613e-06 -1.996613399699616857e-05
2.794999999999999929e+00 -1.805994717628630106e-05 -1.986956759245257358e-05
2.903000000000000025e+00 -2.888566262325258172e-05 -1.915943793029889426e-05
3.022499999999999964e+00 -5.412801403778401112e-05 -9.743963469284598570e-06
3.157999999999999918e+00 -2.726469913701895043e-05 -6.010909907806683642e-06
3.293499999999999872e+00 -1.484477757751676466e-05 -3.134168203630475798e-06
3.407999999999999918e+00 -1.384892080564262151e-05 1.868104828601511656e-06
3.633000000000000007e+00 -4.159158177212864607e-06 1.277316437184297098e-05
3.741926998999999920e+00 2.498647639945405880e-06 2.567910899627750445e-05
3.897217999000000432e+00 2.049968365735518538e-05 1.505565319423432992e-05
3.998362999000000695e+00 2.488485598652304091e-05 6.334731039039822550e-06
4.110970999000001846e+00 1.628385260735447883e-05 2.549163190991514502e-06
4.236103999000001785e+00 2.626091022535784742e-05 -3.566629359514838656e-06
4.340321999000002151e+00 2.503428701900908251e-05 -1.176195451443098070e-05
4.457228999000001579e+00 7.216604077460139572e-06 -2.558158572801161950e-05
4.588082999000002715e+00 -4.989804250546047437e-06 -1.700001238304880646e-05
4.695939999000002807e+00 -1.020114480533116050e-05 -1.393095853595121307e-05
4.817930999000003212e+00 -1.011825297837538008e-05 -1.914748021896400489e-05
4.955536999000003107e+00 -2.137841029305219938e-05 -6.945473113189671024e-06
5.067680999000002018e+00 -2.313548577276728849e-05 7.655654584013915723e-06
5.195651999000002519e+00 -9.952605862598330196e-06 2.263260727335469628e-05
5.341184999000002875e+00 -6.423550655780385898e-06 1.781010893921875757e-05
5.458351999000003119e+00 -2.950580025886956607e-06 1.914673815311089335e-05
5.593319999000002873e+00 4.143466019250611522e-06 3.207847894867284981e-05
5.748111999000002470e+00 1.868152422716776810e-05 1.640931622524524362e-05
5.871135999000003380e+00 2.355868859691662940e-05 5.657637269642706825e-06
5.979254999000003679e+00 1.694620889722883023e-05 1.173786512703033194e-06
6.086928999000003948e+00 1.930401053102964821e-05 -2.848127745171903272e-06
6.199600999000004720e+00 3.124878734222290240e-05 -5.970225141889534164e-06
6.309635999000004603e+00 2.937156954260321110e-05 -1.229322293424125009e-05
6.427205999000003445e+00 1.362587188741143486e-05 -2.439533268327521466e-05
6.539780999000003092e+00 4.127703220757321700e-06 -2.547636944207253020e-05
6.640228999000003185e+00 -1.700382639550302563e-06 -1.707893020595272260e-05
6.742921999000003552e+00 -6.535856126473277811e-06 -1.285114442648258483e-05
6.882580999000003530e+00 -8.853967170647052256e-06 -1.663354616894749936e-05
6.989647999000004219e+00 -1.266096739048169839e-05 -1.626955611083748379e-05
7.091402999000004925e+00 -2.205208727682137819e-05 -8.834052351731553869e-06
7.194203999000004401e+00 -3.101084337977843891e-05 -6.645309198180145321e-07
7.306561999000003915e+00 -2.704570555125937378e-05 8.392706786467513030e-06
7.421613999000004291e+00 -1.693521131734784970e-05 1.937956954804720514e-05
7.546334999000004373e+00 -1.360062556594941398e-05 2.317037282211605452e-05
7.664441999000004557e+00 -1.672131183932830717e-05 1.848713715597169734e-05
7.785324999000004631e+00 -1.653581930899389267e-05 1.911580621660716899e-05
7.905516999000004041e+00 -8.866362827302083584e-06 2.958505404674584071e-05
8.008705999000003573e+00 -1.862442561784368251e-06 3.798920265204706485e-05
8.136013299000001808e+00 6.085972781508896645e-06 3.108824129716738485e-05
8.265622999000001414e+00 1.533124098633004563e-05 1.625489229593849610e-05
8.399881999000003319e+00 1.872957390119179736e-05 7.470083201219213189e-06
8.533553299000002923e+00 1.533052143458025785e-05 2.953595222174680862e-06
8.635997299000003125e+00 1.549064807820698742e-05 -3.297305003962351727e-07
8.739733299000002731e+00 2.080109914448953682e-05 -3.285288886845226902e-06
8.844794299000001914e+00 2.907278863195493867e-05 -5.789035193812507932e-06
8.951185999000001559e+00 3.269178820608364272e-05 -9.317243211119359295e-06
9.058915999000001662e+00 2.680848760554936343e-05 -1.577188670075047814e-05
9.167990999000002361e+00 1.641856852985203245e-05 -2.421336714340042556e-05
9.278415999000001690e+00 7.978501833668184601e-06 -2.870230961915276905e-05
9.390200999000002824e+00 2.073474446465740198e-06 -2.497211229086814658e-05
9.503349999000002768e+00 -3.118803704102621421e-06 -1.730893707327071565e-05
9.617869999000003389e+00 -7.493208768984531950e-06 -1.205659909991144739e-05
9.733767999000003002e+00 -9.684083311078404207e-06 -1.075156364353982007e-05
9.851049999000002444e+00 -1.058557327352971562e-05 -1.126394395865140164e-05
9.969721999000002555e+00 -1.330934078367083487e-05 -1.018947146456792061e-05
1.008978999900000240e+01 -2.028912800683396197e-05 -6.143023040079533034e-06
1.021126099900000206e+01 -2.996282960949480851e-05 -8.080950668164279913e-07
1.033414199900000341e+01 -3.491255385929218372e-05 4.855931112725937468e-06
1.045843899900000373e+01 -3.004099590806211378e-05 1.218115737508596242e-05
1.058415799900000387e+01 -2.055685081534843595e-05 2.105321392712841241e-05
1.071130599900000391e+01 -1.398235170948649528e-05 2.657599383132068109e-05
1.083988899900000469e+01 -1.204283774980050263e-05 2.466884710294843720e-05
1.096991299900000527e+01 -1.228250308039074126e-05 1.913827746983471170e-05
1.110138399900000472e+01 -1.100428981331285589e-05 1.654656478574564792e-05
1.123430799900000565e+01 -6.740849066867721528e-06 1.936279820809021980e-05
1.136869199900000638e+01 -1.260849158752822218e-06 2.506665531699815567e-05
1.150454199900000596e+01 4.370244346087581333e-06 2.695590935228391502e-05
1.164186199900000496e+01 1.142965037828041302e-05 2.115435999989607161e-05
1.178065899900000524e+01 1.987655467609768990e-05 1.180518933021527269e-05
1.192093899900000409e+01 2.511969411505163784e-05 3.756928328989444843e-06
1.206270799900000412e+01 2.331319427457376913e-05 -3.084771957145213964e-06
1.220596999900000412e+01 1.805396254875930357e-05 -9.913953171034590211e-06
1.235073299900000521e+01 1.553404737146616273e-05 -1.481418935099736445e-05
1.249699999900000691e+01 1.806691539941000316e-05 -1.536369280839218994e-05
1.264477799900000576e+01 2.327189879201076894e-05 -1.359718411196103054e-05
1.279407199900000514e+01 2.488496248256517239e-05 -1.392170297141425155e-05
1.294488699900000483e+01 1.931645225995360767e-05 -1.866797048671800920e-05
1.309722999900000673e+01 1.040485453551191880e-05 -2.596118765050850228e-05
1.325110399900000857e+01 2.531167441474116906e-06 -2.914414330883793853e-05
1.340651499900000765e+01 -4.557008555112740469e-06 -2.397997217487135891e-05
1.356294999900000775e+01 -1.183327851126428480e-05 -1.490830379037271868e-05
1.372038299900000702e+01 -1.691083918596431916e-05 -7.701222781936715531e-06
1.387930199900000794e+01 -1.714325435325948828e-05 -2.995346617761045076e-06
1.406411699900000656e+01 -1.452101772363844303e-05 1.438998005218372053e-06
1.420070398900000797e+01 -1.469820415250256494e-05 4.319541017714717853e-06
1.436515898900000821e+01 -1.918576650692784542e-05 6.567061367709749578e-06
1.453083298900000742e+01 -2.624757393927551829e-05 7.994046783761948503e-06
1.463174698900000692e+01 -2.969621343225585560e-05 9.180907412394644345e-06
1.476356698900000630e+01 -2.846832952155848320e-05 1.250423298831125018e-05
1.486468198900000637e+01 -2.339997370589134485e-05 1.702991508766600124e-05
1.503328898900000610e+01 -1.377680574304725612e-05 2.540269358127403317e-05
1.513577798900000637e+01 -8.342730568983314305e-06 2.973826390604971881e-05
1.527159498900000578e+01 -2.978546058602471183e-06 2.979821679126918964e-05
1.537492098900000670e+01 7.162964973391022555e-07 2.553766322493913665e-05
1.554794198900000701e+01 6.741677940203576950e-06 1.731675542402307745e-05
1.565263598900000730e+01 1.010662149602829935e-05 1.293256379763098992e-05
1.579285698900000590e+01 1.270867694145109001e-05 9.818409871772086419e-06
1.589838298900000524e+01 1.277032558177195606e-05 8.957355781140289403e-06
1.607579798900000512e+01 1.238149499164619476e-05 8.085988431048491180e-06
1.618268498900000196e+01 1.260364691204681873e-05 7.378919714478889482e-06
1.632728698900000097e+01 1.546756530253536597e-05 4.905918459120536231e-06
1.643500298899999734e+01 2.002401669619527884e-05 2.392644885038689343e-06
1.661678898899999623e+01 2.874157299798263065e-05 -2.047604691105750649e-06
1.672585598899999226e+01 3.327175009434527275e-05 -4.847590807927044713e-06
1.687481698899999216e+01 3.297075856338398635e-05 -9.595320901659136226e-06
1.698470998899998818e+01 2.804519727130471286e-05 -1.464719704311599067e-05
1.717083998899998676e+01 1.869696515378906540e-05 -2.386057637775976489e-05
1.728207598899998487e+01 1.374360808498914655e-05 -2.874332680639655942e-05
1.743536998899998380e+01 9.944417446313473340e-06 -2.979110080515954835e-05
1.754742698899998032e+01 8.674292355517987342e-06 -2.624245907760457187e-05
1.773787698899997878e+01 7.125314334179734357e-06 -1.923138653244928667e-05
1.785126898899997627e+01 6.106967356259631581e-06 -1.567361341740315298e-05
1.800886798899997743e+01 3.415190801722468194e-06 -1.411834007467833055e-05
1.812307598899997529e+01 1.026384432935085297e-06 -1.514694439123440914e-05
1.831781798899997682e+01 -3.140359627055673584e-06 -1.770927358837893407e-05
1.843335098899997249e+01 -5.759955035552802882e-06 -1.883840182742092781e-05
1.859522798899997298e+01 -1.056956051846885023e-05 -1.657867522387734634e-05
1.871157298899996846e+01 -1.571094283647599669e-05 -1.261375313767314300e-05
1.891057898899996914e+01 -2.516592047342128025e-05 -5.318783566853982539e-06
1.902823898899996635e+01 -3.013231209140690217e-05 -1.129084331050064660e-06
1.919436498899996479e+01 -3.101952967793432142e-05 4.417364026451379619e-06
1.931283198899996023e+01 -2.715377042117166152e-05 9.106214408884163392e-06
1.941440198899995906e+01 -2.333865018264013135e-05 1.324489203907687803e-05
1.951607298899995868e+01 -1.951973623391772050e-05 1.738768512108263665e-05
1.963584398899995520e+01 -1.558086928025585364e-05 2.176721551529998624e-05
1.980618998899995375e+01 -1.341162012623429948e-05 2.352979068564565467e-05
1.992597498899995045e+01 -1.389692305757350058e-05 2.134587528634727713e-05
2.002884798899994934e+01 -1.465763253733531222e-05 1.906345208227481743e-05
2.013181498899994892e+01 -1.541903711387762729e-05 1.677894331852023853e-05
2.025285298899994402e+01 -1.598679393988908487e-05 1.456854954847175510e-05
2.042566698899994293e+01 -1.347700661787056316e-05 1.455746758197013139e-05
2.059761698899993831e+01 -8.182713555723938480e-06 1.780310708915573172e-05
2.075828658899993684e+01 -2.936171401449729033e-06 2.117545398263285823e-05
2.088238898899993501e+01 1.081515490634741726e-06 2.334324307925369956e-05
2.106136598899993473e+01 6.987448333942480960e-06 2.156053837111015752e-05
2.118599758899993191e+01 1.222775670194349942e-05 1.723406649114217997e-05
2.140103658899992922e+01 2.161094184592365143e-05 9.122724301721140853e-06
2.152644798899992651e+01 2.648869992666813886e-05 4.611440006448441345e-06
2.170756798899992646e+01 2.799679252346875424e-05 -7.675810188220714508e-07
2.183352498899992256e+01 2.496108505978130815e-05 -4.666298907128073990e-06
2.205171198899992291e+01 1.872581034862881713e-05 -1.143561091561141478e-05
2.217893998899991814e+01 1.554121505680501836e-05 -1.504287263199106829e-05
2.236418498899991647e+01 1.431192176585069065e-05 -1.718034218892088385e-05
2.249220098899991171e+01 1.558706342451378785e-05 -1.615020290697920580e-05
2.271449498899990971e+01 1.842906918075512806e-05 -1.378490793500111684e-05
2.284377198899990447e+01 1.966565326608281876e-05 -1.276697911023613642e-05
2.303310698899990427e+01 1.729106943151023835e-05 -1.404799698936332461e-05
2.316316598899989998e+01 1.320868345624120488e-05 -1.704449674578448505e-05
2.338953398899990077e+01 5.557057692243737083e-06 -2.293061329571853375e-05
2.352084098899989684e+01 1.208417664433527411e-06 -2.585535617401666397e-05
2.371423298899989618e+01 -4.809877059532301127e-06 -2.470332708651501856e-05
2.384631698899989161e+01 -9.693387175837596130e-06 -2.040418897528294855e-05
2.407672498899989222e+01 -1.843685917789912555e-05 -1.218855678058713443e-05
2.421004598899988736e+01 -2.304102836638933436e-05 -7.710648077233954882e-06
2.440745998899988578e+01 -2.502952749459348361e-05 -2.882857038398674026e-06
2.454155198899988122e+01 -2.278263857722151675e-05 6.995130098633204028e-09
2.465870698899988156e+01 -2.044620525667827901e-05 2.475610572446613243e-06
2.477596398899988372e+01 -1.810773774042244029e-05 4.946375293742407263e-06
2.487628098899988416e+01 -1.618222343116624019e-05 7.072572751379961823e-06
2.501170198899988151e+01 -1.590448535795445544e-05 8.869820764945226635e-06
2.511267998899988285e+01 -1.601098053274952230e-05 1.012422694371105493e-05
2.524876098899988008e+01 -1.849865890129298818e-05 1.032071240342299928e-05
2.536789798899987858e+01 -2.104940298348689310e-05 1.035437956535178274e-05
2.548713898899987740e+01 -2.360237372393593841e-05 1.038807611684744025e-05
2.558943298899987795e+01 -2.587484976357496956e-05 1.046250413073718690e-05
2.572682998899987439e+01 -2.514241610323177670e-05 1.209805265128326108e-05
2.582977798899987576e+01 -2.429028965518562942e-05 1.353517896296605224e-05
2.596782998899987405e+01 -1.966606600482517905e-05 1.748026621020872182e-05
2.608893098899987351e+01 -1.529448023622296336e-05 2.126285196233758601e-05
2.621013498899987582e+01 -1.091917630398729198e-05 2.504865491607890951e-05
2.631438598899987369e+01 -7.225671562859232006e-06 2.838683062187079631e-05
2.645281098899987171e+01 -3.282457292188582565e-06 2.866973991048646993e-05
2.655677398899987196e+01 -4.535785805295270407e-07 2.854759520700932005e-05
2.669583298899986801e+01 3.330672149459154769e-06 2.429282849260081843e-05
2.681791398899986945e+01 6.656705142945013863e-06 2.018762077035043555e-05
2.694008698899986953e+01 9.985244628312441042e-06 1.607931937168483928e-05
2.704526698899987025e+01 1.288751785877571875e-05 1.263302178365482331e-05
2.725431098899986537e+01 1.567466890392783184e-05 8.518610703425913181e-06
2.743379797899986272e+01 1.545734010145094329e-05 6.307281291942933753e-06
2.754315197899986245e+01 1.477660486917943111e-05 5.284122535018941406e-06
2.768461197899986104e+01 1.389600785437306839e-05 3.960567495839151485e-06
2.779308997899986267e+01 1.329147668289474085e-05 2.961499518332279684e-06
2.793638397899986003e+01 1.443171767143929297e-05 1.236682452541817788e-06
2.804520997899986057e+01 1.556220440675226430e-05 -1.081616808345026068e-07
2.818856197899985716e+01 1.935138265641639515e-05 -1.831300366458019088e-06
2.844115297899985606e+01 2.674967591355436873e-05 -4.857548019220605804e-06
2.855038997899985631e+01 3.004398690222584859e-05 -6.175972766663147522e-06
2.869472997899985245e+01 2.999989712824640132e-05 -8.848917872158933582e-06
2.880460397899985381e+01 2.962979625037602524e-05 -1.099939654198947354e-05
2.894958097899985106e+01 2.488639336736412554e-05 -1.548722753427928949e-05
2.906158697899985199e+01 2.089653024969769394e-05 -1.916050856508933595e-05
2.920569897899985179e+01 1.576299138916223021e-05 -2.388671855305507429e-05
2.931683897899985070e+01 1.188713669698567890e-05 -2.758413641141011042e-05
2.946308097899984801e+01 8.432906712828299936e-06 -2.840629403477374807e-05
2.957485097899984794e+01 6.006492999509671285e-06 -2.869711148481175552e-05
2.972172297899984272e+01 3.639402167971212812e-06 -2.495427660423775318e-05
2.998161897899984396e+01 -3.043924144591021904e-07 -1.756030766858085337e-05
3.009464197899984583e+01 -2.011687666552124967e-06 -1.441446174475918964e-05
3.024276597899984154e+01 -3.924774676230603165e-06 -1.231414554861414211e-05
3.035641197899984078e+01 -5.364520968640403376e-06 -1.095343949510474816e-05
3.050515897899983742e+01 -6.449584141824350265e-06 -1.072902255439023017e-05
3.063692597899983738e+01 -7.336549072052162091e-06 -1.075276482785515365e-05
3.076879397899983815e+01 -8.224193864900696449e-06 -1.077652529987983392e-05
3.088367897899983916e+01 -9.020750684674928908e-06 -1.083366446652835860e-05
3.103366597899983503e+01 -1.138545929403641439e-05 -9.362164703395273310e-06
3.114916697899983689e+01 -1.336831640166322602e-05 -8.113241188540127927e-06
3.129976997899983360e+01 -1.793252714684754947e-05 -5.355545278477873900e-06
3.143338597899983355e+01 -2.225602709365581182e-05 -2.818105182646196902e-06
3.156710297899983431e+01 -2.658279516325334096e-05 -2.787470421965517667e-07
3.168383097899983625e+01 -3.041794077349758375e-05 1.919867872432409005e-06
3.183565997899983202e+01 -3.097684843634378735e-05 5.103716615718217626e-06
3.195299697899983116e+01 -3.104853597751149660e-05 7.594997500191372647e-06
3.210543597899982871e+01 -2.670258655425621484e-05 1.197909742294551617e-05
3.224088097899982586e+01 -2.243708664697779951e-05 1.601999667662803612e-05
3.237642697899982380e+01 -1.816840599850818200e-05 2.006390918901059518e-05
3.249497697899982285e+01 -1.450142908897282776e-05 2.363065907019155199e-05
3.264862797899981928e+01 -1.176737472024421651e-05 2.481753984095533085e-05
3.276778197899982104e+01 -9.885172740245531592e-06 2.545188508403615972e-05
3.292075597899981432e+01 -8.843330244542353200e-06 2.266753389009099604e-05
3.305672397899981263e+01 -8.103254610593589973e-06 1.986414826869302316e-05
3.319278397899981314e+01 -7.362678219420208507e-06 1.705886579305597041e-05
3.331181897899980981e+01 -6.738134294230832583e-06 1.466909512190171683e-05
3.346594297899980575e+01 -4.992263344522612186e-06 1.361396809662134261e-05
3.358552397899980235e+01 -3.567188519438793014e-06 1.304791841719736401e-05
3.382374397899980067e+01 3.330378924224383325e-08 1.488746856140587359e-05
3.401801597899979868e+01 3.017531697285915135e-06 1.657968925653778528e-05
3.414059497899980045e+01 4.900363345259887534e-06 1.770409632492038964e-05
3.429826997899979801e+01 8.069429055124199834e-06 1.659527923874313718e-05
3.442139597899979719e+01 1.062615579397250823e-05 1.554320701392315117e-05
3.457932297899979091e+01 1.548960654785162474e-05 1.199623640049401537e-05
3.470421097899978946e+01 1.950767611472649336e-05 9.030617834264502647e-06
3.486043597899978863e+01 2.453396301246705581e-05 5.320863810585622451e-06
3.498362697899978713e+01 2.852573867223065046e-05 2.428125773764990915e-06
3.514161297899978109e+01 2.953612842542312439e-05 -9.889419256455686041e-07
3.526506497899978143e+01 2.998028281688948311e-05 -3.618922965343609891e-06
3.542361097899977551e+01 2.630973629114501913e-05 -7.561430915513086558e-06
3.570671997899977868e+01 1.897668853859613974e-05 -1.473540766792037197e-05
3.583127997899978112e+01 1.580531283092738700e-05 -1.791367084352665662e-05
3.599093297899977983e+01 1.393051033486566881e-05 -1.940690011104226413e-05
3.611604097899977717e+01 1.270627104223317419e-05 -2.037374136207921216e-05
3.627623997899977581e+01 1.292261027651983615e-05 -1.872893727983159892e-05
3.640338897899977866e+01 1.329366842857743477e-05 -1.720286953043948503e-05
3.656263397899977718e+01 1.375839214189352281e-05 -1.529157916439686423e-05
3.668882297899978084e+01 1.415471385731571454e-05 -1.382817924766037548e-05
3.685010397899977619e+01 1.266656199731396132e-05 -1.389413183398349615e-05
3.697682797899977913e+01 1.134149155518037453e-05 -1.417180514754915235e-05
3.713864297899977629e+01 8.083852285378645154e-06 -1.654345782149834365e-05
3.728339697899977523e+01 5.036472043451755169e-06 -1.893368118171878867e-05
3.742824097899977431e+01 1.987197109690648009e-06 -2.132539065011179708e-05
3.755602197899977313e+01 -6.869476998561748264e-07 -2.349475560201694533e-05
3.771889197899977120e+01 -4.242432822759992773e-06 -2.292278430108019523e-05
3.784719297899977164e+01 -7.059194966697932972e-06 -2.223322297663259928e-05
3.801058397899976882e+01 -1.169618307782703053e-05 -1.825007029254634662e-05
3.815690297899976713e+01 -1.598425723818150529e-05 -1.443567845747838114e-05
3.830331097899976811e+01 -2.027493966267298180e-05 -1.061896648030085578e-05
3.843264297899976611e+01 -2.411000339763856281e-05 -7.296307983286071588e-06
3.859706297899975880e+01 -2.554893746980236525e-05 -4.044678836195011857e-06
3.872690397899975778e+01 -2.643630019122864808e-05 -1.589159272383292391e-06
3.889183197899975397e+01 -2.385907117840459061e-05 1.348921349808604500e-06
3.903967697899975065e+01 -2.125261990543998462e-05 3.962241773815980470e-06
3.918647697899974958e+01 -3.838571407342995610e-05 6.557090691562820868e-06
3.931618497899975040e+01 -5.359547093437535609e-05 8.867170644871542922e-06
3.948097097899974983e+01 -8.069976875725400262e-05 1.053219353374684237e-05
3.961114597899975109e+01 -1.030659647883198221e-04 1.176567914576268701e-05
3.977595797899974883e+01 -1.461750038999594186e-04 1.168036411532977911e-05
3.992363597899974792e+01 -1.869034969028380319e-04 1.148480987756362490e-05
4.007138297899975043e+01 -2.276510195920418487e-04 2.699372288721435959e-05
4.033176097899975332e+01 -3.011169168416293995e-04 5.446683625118052931e-05
4.046500397899975354e+01 -2.853562841023255512e-04 7.883753152318960197e-05
4.061545097899975332e+01 -2.424874703898436648e-04 1.116600836136908120e-04
4.076589697899975562e+01 -2.005026273263626493e-04 1.447809778702902278e-04
4.091634397899975539e+01 -1.592533525106351448e-04 1.783025580297307154e-04
4.121245797899975116e+01 -7.938093229040588811e-05 2.454274755476729022e-04
4.134446297899975065e+01 -4.913847230993802966e-05 2.535363510359547054e-04
4.144454697899975315e+01 -3.244708146607265347e-05 2.314336741860603230e-04
4.159606897899975309e+01 -7.277730913526174766e-06 1.985961412062075822e-04
4.174758997899975554e+01 1.783461532116602130e-05 1.664825140822817856e-04
4.189911197899975548e+01 4.298055165592077844e-05 1.349777120892722241e-04
4.218719997899975738e+01 9.106753638300566628e-05 7.614565280354838362e-05
4.243111797899975812e+01 9.827297842539885761e-05 5.046553668026739810e-05
4.258374197899976110e+01 9.772329741953443463e-05 3.814698229567758893e-05
4.273636497899975950e+01 9.754307286310703862e-05 2.597712522598659199e-05
4.288898797899975790e+01 9.771965004247143351e-05 1.391363125659879719e-05
4.314667697899975707e+01 9.867167603594234582e-05 -6.333767049001248989e-06
4.327868197899975655e+01 1.131251522446026790e-04 -6.902605282637356173e-07
4.342488997899975800e+01 1.383922298240771809e-04 1.593405758553750447e-05
4.357863997899976027e+01 1.652938129721675902e-04 3.343275058436049447e-05
4.373239097899976002e+01 1.926967315965061810e-04 5.100109442053213826e-05
4.388614097899976230e+01 2.206806295325989642e-04 6.869544846194054874e-05
4.412535197899976680e+01 2.653722375515905874e-04 9.654504760476290994e-05
4.431256097899976965e+01 2.461416171952011565e-04 1.397884301945169288e-04
4.442602897899976711e+01 2.228656671201479300e-04 1.707654918916685601e-04
4.458093297899976903e+01 1.917016566898849380e-04 2.134345953911593111e-04
4.473583697899977096e+01 1.612447044968142687e-04 2.567109951481967036e-04
4.489074097899977289e+01 1.313822061995993163e-04 3.007261070471561534e-04
4.512337397899977276e+01 8.733618242594653309e-05 3.682870947717111691e-04
4.543470597899977292e+01 5.950448949129410103e-05 3.113788514267189634e-04
4.559078797899977076e+01 4.850853922641588261e-05 2.699197663616837773e-04
4.574686997899976859e+01 3.768545605308727827e-05 2.294546948182216509e-04
4.590295297899976390e+01 2.699655546731151112e-05 1.898364321807978255e-04
4.614088597899976207e+01 1.086567401734376248e-05 1.306258352768280544e-04
4.631206097899976015e+01 1.867054593283691469e-06 1.096889042108326165e-04
4.645108097899976229e+01 -4.525925365473401365e-06 9.946456033373827956e-05
4.660836597899976397e+01 -1.176307531816997549e-05 8.816466873008316804e-05
4.676565197899976312e+01 -1.902301649216072950e-05 7.717909914840542904e-05
4.692293697899976479e+01 -2.632673814086081729e-05 6.646482067204658828e-05
4.716177297899976395e+01 -3.752970748957664771e-05 5.058000052204966854e-05
4.747531497899976216e+01 -6.739206821363007854e-05 1.242874609198930877e-05
4.763382897899975887e+01 -8.409705207448307676e-05 -8.362760743872844798e-06
4.779234197899975811e+01 -1.010358397531320191e-04 -2.914697665212798774e-05
4.795085597899975483e+01 -1.182599636344181177e-04 -4.999250599717831905e-05
4.819061297899975216e+01 -1.448830108291523824e-04 -8.174298556826537713e-05
4.836186097899975067e+01 -1.391142484991428634e-04 -1.194767964831518453e-04
4.850756897899974973e+01 -1.257545886081085995e-04 -1.569360776634211481e-04
4.866733497899974736e+01 -1.114490971487502630e-04 -1.983755876318016548e-04
4.882709997899974042e+01 -9.755086392023083102e-05 -2.404063002903036655e-04
4.898686597899974515e+01 -8.401059273817649761e-05 -2.831637802918926896e-04
4.922756097899974037e+01 -6.412910911450778911e-05 -3.490332308396161434e-04
4.954800297899974026e+01 -6.039016308179671341e-05 -2.919010185990039653e-04
4.970902997899974451e+01 -6.070317911788353465e-05 -2.509003539978802442e-04
4.987005597899974418e+01 -6.124744228597756826e-05 -2.108642726618618175e-04
5.003108297899974843e+01 -6.202946540237242780e-05 -1.716429811616748094e-04
5.027272497899974724e+01 -6.360978788085144223e-05 -1.138909451231735667e-04
5.044396097899974762e+01 -5.827976029263121587e-05 -9.021156922540992502e-05
5.059663097899974815e+01 -5.124258205451245912e-05 -7.497735688297140096e-05
5.075891097899974369e+01 -4.394014254375794829e-05 -5.899985481140106793e-05
5.092119097899973923e+01 -3.684665522522364596e-05 -4.325669935141390461e-05
5.108347097899973477e+01 -2.993256853694973457e-05 -2.769033186030620049e-05
5.132605497899973557e+01 -1.984312071422940043e-05 -4.616716565148353629e-06
5.165340097899973415e+01 -1.289802271068318503e-05 3.506073260237402445e-08
5.181693097899972855e+01 -1.005651057598436760e-05 1.956171066218161556e-08
5.198046097899972295e+01 -7.295882800274566755e-06 1.303816379782347766e-08
5.214399097899972446e+01 -4.609060883648381837e-06 1.449080119193954681e-08
5.238750997899972361e+01 -7.152637970646443069e-07 2.776888790021926676e-08
5.251951497899972310e+01 9.869921743378943042e-08 3.997345351910757500e-08
5.263443697899972307e+01 1.370889699503057297e-07 5.285376337558662980e-08
5.280066097899972277e+01 1.842276516132184009e-07 7.254627235357148452e-08
5.296543397899971950e+01 2.007367829233230966e-07 9.596928384184755531e-08
5.313020697899971623e+01 1.936374074594880268e-07 1.224566084027400029e-07
5.329497997899971296e+01 1.689023267056999982e-07 1.509999692647736672e-07
5.345704697899971336e+01 1.348734714222984211e-07 1.798790486614681267e-07
5.379121897899971572e+01 1.044886652876623871e-07 1.651382330807428111e-07
5.395722897899971571e+01 9.029000562818233296e-08 1.492141802157548755e-07
5.412323897899971570e+01 7.385661853105597665e-08 1.293683412568913190e-07
5.428924797899971821e+01 5.591460573840171745e-08 1.046259143154696977e-07
5.453462897899972006e+01 2.719097300246071649e-08 5.883161454313308640e-08
5.466663397899971955e+01 4.620733373937070708e-09 4.002132698502972483e-08
5.487218997899972095e+01 -3.654906480097734306e-08 1.645556259973524409e-08
5.503942897899972309e+01 -7.279491401885470532e-08 -1.161920173181906013e-08
5.520666897899972270e+01 -1.132983868137759295e-07 -5.357320350170343260e-08
5.537390797899972483e+01 -1.587986381854265519e-07 -1.118403936138403403e-07
5.562021097899972233e+01 -2.350216697717942287e-07 -2.276436305251272653e-07
5.596114397899972204e+01 -4.141004815339901437e-07 -1.794968123796841222e-07
5.612960597899972726e+01 -5.193337231478061751e-07 -1.520477209509860479e-07
5.629806797899973247e+01 -6.422645136056514217e-07 -1.414430554389575061e-07
5.646653097899973517e+01 -7.875613657127938102e-07 -1.451034192781642537e-07
5.671375097899974094e+01 -1.044562084277047133e-06 -1.687883077994751088e-07
5.688493697899973967e+01 -9.892292036894779819e-07 -2.112920913356602803e-07
5.705803697899973770e+01 -8.368680289270951852e-07 -2.643484699103759898e-07
5.722771597899973983e+01 -7.126452771007885418e-07 -3.212242123077390272e-07
5.739739497899974197e+01 -6.198095828357545002e-07 -3.841606704687749416e-07
5.756707397899974410e+01 -5.552813739829144863e-07 -4.527127188690015886e-07
5.781520697899974692e+01 -4.997339039915435564e-07 -5.612771000185437443e-07
5.816282897899974813e+01 -5.939959761170048560e-07 -4.933161658585099109e-07
5.833371797899975064e+01 -6.682948550340843873e-07 -4.444003188039334999e-07
5.850460697899975315e+01 -7.623849069400858531e-07 -3.977346293819534257e-07
5.867549597899975566e+01 -8.763879705530143342e-07 -3.522816548967795560e-07
5.892453697899975396e+01 -1.073995126759302684e-06 -2.863635312648076740e-07
5.927547697899975532e+01 -1.030290242628582807e-06 -2.825740822349269761e-07
5.944756897899976167e+01 -9.924735340756958942e-07 -2.852128721996273882e-07
5.961966197899975839e+01 -9.646330709632934556e-07 -2.839765990631045140e-07
5.979175497899976222e+01 -9.431056646944427412e-07 -2.784632373430717524e-07
6.004169797899975691e+01 -9.161705781104328831e-07 -2.635833450210955071e-07
6.039593797899975414e+01 -1.186533910417301125e-06 -1.719307678492325674e-07
6.056922797899974853e+01 -1.336377277166427444e-06 -1.202718113605782555e-07
6.074251797899974292e+01 -1.475005238427641532e-06 -6.707899579813272577e-08
6.091580797899973732e+01 -1.600123034545934180e-06 -1.276331360115285212e-08
6.116664897899973852e+01 -1.757465095716807582e-06 6.728274940896050071e-08
6.152416997899973694e+01 -1.412202284145067554e-06 2.197493234673416919e-07
6.169865097899973705e+01 -1.191337675298193405e-06 2.983749043936318733e-07
6.187313097899973968e+01 -9.598316378633889368e-07 3.785148216746883024e-07
6.204761097899974231e+01 -7.192596000158172035e-07 4.601449945500629843e-07
6.229934597899973880e+01 -3.604845415107839133e-07 5.800613226841815974e-07
6.266012697899974171e+01 7.679082320312132875e-08 5.549267792634845494e-07
6.283579697899973837e+01 2.886756146883982740e-07 5.282782300504608244e-07
6.301145697899973186e+01 5.058120647473641922e-07 5.024257125196934014e-07
6.318712697899972852e+01 7.271022282395746149e-07 4.774055603806101509e-07
6.343974597899972423e+01 1.049271308302735033e-06 4.431690276400801746e-07
6.361093697899972454e+01 1.042117645389976190e-06 4.772479613712651060e-07
6.380377697899972134e+01 9.320719739361727007e-07 5.414054957247498103e-07
6.398061697899971989e+01 8.280054236129425091e-07 6.027343223387971441e-07
6.415745697899971844e+01 7.187252689515656718e-07 6.681472748801471398e-07
6.433429697899971700e+01 6.035606017988783259e-07 7.386344701759506662e-07
6.458780597899972520e+01 4.292862562337239442e-07 8.492117541098828599e-07
6.495506697899972437e+01 3.193069434662740021e-07 6.491591100087067294e-07
6.513307697899972482e+01 2.725021973523658256e-07 5.312521915268024034e-07
6.531108697899972526e+01 2.204874639189814276e-07 4.210957044471610931e-07
6.548909697899972571e+01 1.635673689730245549e-07 3.185035661546154008e-07
6.574348397899973406e+01 7.536280895880215040e-08 1.832692917776158129e-07
6.587548897899972644e+01 4.527610141976296326e-08 1.275906459360612486e-07
6.602651297899973315e+01 2.215571067899746281e-08 7.235999632737800199e-08
6.619395897899973136e+01 -3.478737805857139406e-09 1.112369379017818567e-08
6.637313497899974379e+01 -3.090614001875990430e-08 -4.649114085365380758e-08
6.655231197899975371e+01 -5.678554699189635730e-08 -9.249532703526213090e-08
6.673148797899976614e+01 -7.903869053887824267e-08 -1.256861924522963367e-07
6.690673597899977665e+01 -9.508879440818736685e-08 -1.446455760298399459e-07
6.736040197899977500e+01 -1.719024285976064046e-07 -1.324654854909886840e-07
6.754073597899976278e+01 -1.896163752910065392e-07 -1.165658370979958132e-07
6.772106997899975056e+01 -1.839122660449557424e-07 -9.033662861139788140e-08
6.790140397899973834e+01 -1.504181395787545497e-07 -5.509232456454554555e-08
6.807752097899972910e+01 -8.669612067557837384e-08 -1.317104676053249583e-08
6.820952597899973568e+01 -2.846491918997088291e-08 2.043298226221011909e-08
6.853435997899973131e+01 1.194748551648878866e-07 1.050944990521349423e-07
6.871584397899974306e+01 2.260843688260453630e-07 1.571839978982459114e-07
6.889732897899975228e+01 3.634366529649958993e-07 2.155092268418079718e-07
6.907881397899976150e+01 5.300219965613660748e-07 2.798234090037863482e-07
6.925579297899976439e+01 7.193326572978289866e-07 3.480406326564850520e-07
6.971578697899975907e+01 1.542711736123399650e-06 5.586626981018601001e-07
6.989841497899975309e+01 1.911690127426067444e-06 6.458815533688043186e-07
7.008104397899974458e+01 2.318993103681049451e-06 7.357616410614124189e-07
7.026367297899973607e+01 2.767489961222681658e-06 8.279280569973358387e-07
7.044150997899973277e+01 3.246568228238146190e-06 9.197270311743027252e-07
7.061271297899973831e+01 3.341819282957916110e-06 1.115800502144571259e-06
7.090463997899973947e+01 3.245645411249881475e-06 1.524721544226243135e-06
7.108840597899973091e+01 3.211546026123541415e-06 1.784747745839657530e-06
7.127217297899971982e+01 3.208980488766260364e-06 2.048880655805925387e-06
7.145593897899971125e+01 3.233955020543250268e-06 2.318008592539525170e-06
7.163462997899971185e+01 3.281551953589159421e-06 2.585563677256188632e-06
7.210087697899970749e+01 4.684796532749524356e-06 2.194578386166872555e-06
7.228577397899971402e+01 5.316981345120050473e-06 1.994754461482897534e-06
7.247067097899972055e+01 5.971579014027522672e-06 1.802941738624163254e-06
7.265556897899972455e+01 6.649333670955395113e-06 1.619253135252191819e-06
7.283510697899973252e+01 7.330773921759408156e-06 1.448972456279339236e-06
7.330461597899973469e+01 6.372490842667574617e-06 1.529882348039819528e-06
7.349063997899973799e+01 5.882017708619270065e-06 1.596062240798777572e-06
7.367666297899974381e+01 5.411096549767757263e-06 1.677760200383286109e-06
7.386268697899974711e+01 4.957874643373832935e-06 1.777299136464956663e-06
7.404306997899975329e+01 4.534231675875209874e-06 1.893348247449835631e-06
7.451558997899975623e+01 5.056713809289398780e-06 1.530288819355853765e-06
7.470273597899976892e+01 5.351523861888698897e-06 1.371523249294189229e-06
7.488988097899976992e+01 5.666719260544812735e-06 1.233243180631915211e-06
7.507702697899978261e+01 6.004895256559626662e-06 1.114315234140053574e-06
7.525825197899979457e+01 6.357414302304435397e-06 1.016686522926806897e-06
7.573384897899978796e+01 5.043734135491096506e-06 1.126821583993134695e-06
7.592211197899979425e+01 4.443437385357770703e-06 1.202854064917571283e-06
7.611037297899980558e+01 3.870970782016386670e-06 1.302336731159539874e-06
7.629863297899981944e+01 3.325038787919592881e-06 1.427215555989866486e-06
7.648069897899981129e+01 2.821383601858174728e-06 1.574218654758973084e-06
7.695936297899980616e+01 2.463085737533795090e-06 1.189449447331448127e-06
7.714873297899980287e+01 2.386658518197993140e-06 1.019588623707491331e-06
7.733811297899980275e+01 2.343415384034273270e-06 8.713527456304021885e-07
7.752748297899979946e+01 2.336291336702185542e-06 7.422009444373312620e-07
7.771038097899979391e+01 2.366771632102831018e-06 6.333582742528306401e-07
7.788161297899979729e+01 2.166953772633347905e-06 5.951185763557968982e-07
7.819209297899979560e+01 1.633746339947081285e-06 5.686986362946913176e-07
7.838257297899980358e+01 1.332674413364841656e-06 5.635079038587601826e-07
7.857305297899981156e+01 1.063571728056315841e-06 5.732771728678525612e-07
7.876353297899981953e+01 8.230741768019342980e-07 5.983759578555691206e-07
7.894726497899981155e+01 6.152160264486973434e-07 6.376321893307705208e-07
7.943201297899980773e+01 2.820331096509641892e-07 4.726793365487415018e-07
7.962359297899979538e+01 1.759262673743552097e-07 4.042756548425078081e-07
7.981518297899978620e+01 9.253502244236972122e-08 3.467278754558780054e-07
8.000676297899977385e+01 3.186914626039059303e-08 2.985510456093036369e-07
8.019131897899976025e+01 -5.037877201253034611e-09 2.597613827702471624e-07
8.032332397899975263e+01 -3.127973941634411530e-08 2.488510989672821062e-07
8.050826797899975418e+01 -7.094870334649398452e-08 2.461680098651639164e-07
8.063908397899975000e+01 -9.900765732997022978e-08 2.442701868269876902e-07
8.083176397899974575e+01 -1.293908450962420711e-07 2.466965179719009267e-07
8.102444497899973896e+01 -1.475471116186994370e-07 2.563957395449755401e-07
8.121712497899973471e+01 -1.561551977780044845e-07 2.738708295814469242e-07
8.144250797899972838e+01 -1.576740701770118621e-07 3.045344231032469022e-07
8.189328097899972647e+01 -1.984744373146432572e-07 2.455992127633954607e-07
8.208705297899972209e+01 -2.162952050513837927e-07 2.203437004501272061e-07
8.228082497899971770e+01 -2.321946064670885060e-07 2.035503660496559008e-07
8.247459697899971331e+01 -2.467635391330952339e-07 1.948161784684314274e-07
8.270079897899971400e+01 -2.627407217701148949e-07 1.938514329380689104e-07
8.283280397899972058e+01 -6.290296748462099725e-08 2.043438425527565250e-07
8.315456697899972482e+01 7.209007284693592173e-07 2.442973930755249019e-07
8.334942497899973546e+01 1.196694624195036426e-06 2.757266412988994373e-07
8.354428297899974609e+01 1.674913207446793780e-06 3.178621209710542173e-07
8.373914197899975420e+01 2.156847344000723413e-06 3.720945575857042302e-07
8.396615797899976030e+01 2.724683318039726040e-06 4.517112025542023603e-07
8.442290597899976490e+01 4.695821090457552859e-06 4.324569890322050188e-07
8.461884497899977475e+01 5.595792465445410525e-06 4.256867149281464504e-07
8.481478497899978208e+01 6.513402753418247405e-06 4.333680232040816803e-07
8.501072497899978941e+01 7.452522079626156775e-06 4.549570925885283170e-07
8.523855197899979430e+01 8.575684920193106829e-06 4.960200334715282379e-07
8.569826497899978790e+01 8.433326583855780870e-06 7.242400679015794970e-07
8.589528097899977865e+01 8.274571094406906908e-06 8.414254638219206878e-07
8.609229597899977193e+01 8.150610909822866271e-06 9.762572849368113749e-07
8.628931197899976269e+01 8.061440063663673791e-06 1.130422092263470338e-06
8.651794597899976225e+01 8.000000609467449155e-06 1.334651230568403595e-06
8.698061097899976346e+01 1.014487890086634293e-05 1.069897443879720220e-06
8.717869797899976447e+01 1.121220403156689363e-05 9.369603792882516039e-07
8.737678497899976549e+01 1.232986924798518596e-05 8.230608397778976274e-07
8.757487097899975481e+01 1.350331102273621258e-05 7.265765937252759459e-07
8.780430897899975662e+01 1.493655499663804035e-05 6.336711186035627645e-07
8.797556797899976289e+01 1.453870235521641479e-05 6.175183397070558260e-07
8.826990997899976321e+01 1.283976473132649853e-05 6.240889557786757404e-07
8.846906197899976121e+01 1.173879015316537759e-05 6.396245427379172809e-07
8.866821397899975921e+01 1.069845587872196215e-05 6.702634715826678358e-07
8.886736597899975720e+01 9.714232117662021076e-06 7.163833765736322888e-07
8.909760297899975967e+01 8.638339285527040886e-06 7.886571221401879348e-07
8.956612697899976183e+01 8.778114177364360478e-06 5.557533087541162577e-07
8.966623297899975853e+01 8.877449982779636397e-06 4.995800904269698663e-07
8.976633897899975523e+01 8.989387751540307915e-06 4.464147446404653700e-07
8.986644497899975192e+01 9.114133140216902322e-06 3.960425480279270167e-07
8.996655097899974862e+01 9.251906135347099923e-06 3.482517453275550410e-07
9.006665797899974280e+01 9.402942496885153875e-06 3.028335775175989886e-07
9.016676397899973949e+01 9.567487492096474755e-06 2.595845371766248382e-07
9.026686997899973619e+01 9.745805249453672349e-06 2.183039625613695125e-07
9.039779597899973851e+01 9.997396611153391607e-06 1.666326843835573229e-07
9.086922797899973148e+01 6.836422609913223969e-06 2.146063151622239095e-08
9.096985797899972681e+01 6.073547237118354745e-06 -7.393489216583880259e-09
9.107049797899972532e+01 5.321600315074535072e-06 -3.514970647359252480e-08
9.117112797899972065e+01 4.579911882012520508e-06 -6.186585577066233551e-08
9.127175797899971599e+01 3.847610186858382885e-06 -8.760524235556943647e-08
9.137239797899971450e+01 3.123844461471060732e-06 -1.124279775417946343e-07
9.147302797899970983e+01 2.407994352960084227e-06 -1.363837646648376457e-07
9.157365797899970516e+01 1.699235238640351507e-06 -1.595273410533983492e-07
9.170485197899969876e+01 7.834804166823372362e-07 -1.887063601010667054e-07
9.183685697899969114e+01 -1.111632660794349744e-07 -2.037161949995878276e-07
9.217917797899968946e+01 -2.403707930601826786e-06 -2.205010466346130239e-07
9.228033797899968249e+01 -3.077797754532726229e-06 -2.250867481387374007e-07
9.238148797899968656e+01 -3.748840218154710138e-06 -2.293488606682879448e-07
9.248264797899969381e+01 -4.417374429346448904e-06 -2.333371323085774603e-07
9.258380797899968684e+01 -5.083743813550485581e-06 -2.370969507979568900e-07
9.268496797899967987e+01 -5.748367334798173731e-06 -2.406710837707336040e-07
9.278612797899967291e+01 -6.411677380750626684e-06 -2.440990624438059906e-07
9.288728797899966594e+01 -7.074123940672489716e-06 -2.474169973998871531e-07
9.301873697899966942e+01 -7.934409187446842256e-06 -2.516276536242070539e-07
9.349593797899966319e+01 -7.795535116340277759e-06 -3.321206013843528416e-07
9.359761797899966496e+01 -7.688256979449884236e-06 -3.507769427194753901e-07
9.369929797899966673e+01 -7.582943222546724344e-06 -3.693128132466882903e-07
9.380097797899966849e+01 -7.479702492039638470e-06 -3.876938679914106639e-07
9.390265797899967026e+01 -7.378654160877914838e-06 -4.058799414315190588e-07
9.400433797899967203e+01 -7.279926691314176280e-06 -4.238252259844758425e-07
9.410601797899967380e+01 -7.183656130517600906e-06 -4.414784555064858527e-07
9.420770797899967874e+01 -7.089975519702979444e-06 -4.587847967527624315e-07
9.433941697899967949e+01 -6.972194760132633052e-06 -4.806682942544959005e-07
9.447142197899967186e+01 -7.093861090802205481e-06 -4.438386172433405966e-07
9.481948797899967474e+01 -7.786700099721122307e-06 -2.559646196967859225e-07
9.492168797899967103e+01 -7.993609169769269094e-06 -1.999423278799479325e-07
9.502388797899966733e+01 -8.204111095804066410e-06 -1.429632124774815606e-07
9.512608797899966362e+01 -8.418329470196635211e-06 -8.492900950753271734e-08
9.522828797899965991e+01 -8.636395972018876357e-06 -2.574131558649663387e-08
9.533047797899965303e+01 -8.858429817475553755e-06 3.469290585223331714e-08
9.543267797899964933e+01 -9.084628628491024470e-06 9.648522321039072364e-08
9.553487797899964562e+01 -9.315133835039767345e-06 1.597309690781928236e-07
