-7.941321700424502916e-02 2.455376917658942115e-01 3.785504991092381033e+01
1.130948488510464950e-01 -1.552136797896745343e-02 3.787074639181179236e+01
2.195724867844432993e-01 -1.121921102546252595e-02 3.786471081807263772e+01
1.966489588760416685e-01 -1.205584471194664081e-01 3.785341376498001154e+01
2.659725769846755239e-01 -8.831000983319883813e-02 3.786316320879788577e+01
1.170926833965607594e-01 -1.393944892096623533e-01 3.787308032256175494e+01
2.219572204106232127e-01 1.606861761917465284e-02 3.787257223954144791e+01
2.825369540376475586e-01 -1.047292924987256041e-01 3.786323699445754443e+01
-1.721617809616166339e-01 9.222941746260317555e-03 3.787245919910778724e+01
-2.033732050447182305e-01 1.670894806484168882e-01 3.786555156619189688e+01
