-7.941321388371680445e-02 2.455376894675639354e-01 3.785504976122687992e+01
1.130948501286997421e-01 -1.608891970064921934e-02 3.787074667356760216e+01
-6.705355148633605135e-07 2.691170024013520446e-03 3.786471101740209377e+01
8.806399775078747602e-07 -1.436000489752492226e-01 3.785340455969341633e+01
-3.737058344407115224e-06 -8.492798326153021271e-02 3.786315268320968386e+01
7.432064256392539949e-06 -1.934552555523448569e-01 3.787308321792642118e+01
-1.923439183234329741e-05 9.403104509739830530e-02 3.787257872661823654e+01
-1.639836344593909679e-05 -1.047756372758127386e-01 3.786324839606024995e+01
9.540394091679899811e-06 -1.022737089851398495e-01 3.787247809453283764e+01
7.397207307459272719e-06 1.206950694325630846e-01 3.786556855185710191e+01
