0.000000000000000000e+00 -1.005126673010999488e-05 -2.273305432084001229e-05
1.280000000000000027e-01 -2.936511490933180996e-05 -2.196152437327895329e-06
2.425000000000000211e-01 -1.998552590791689832e-05 1.401553102336407878e-05
3.874999999999999556e-01 -2.740211358618556853e-05 1.568964535351477006e-05
5.279999999999999138e-01 -1.691856813964501965e-05 2.541102280053345882e-05
6.379999999999999005e-01 -5.562673658939752630e-06 3.701128412730042452e-05
7.789999999999999147e-01 5.770768842024819898e-06 3.057460716569200044e-05
1.137000000000000011e+00 3.420296688520739199e-05 1.085910839342508199e-05
1.288000000000000034e+00 4.619531857381251299e-05 2.543353324675586869e-06
1.397999999999999909e+00 5.545262416293189394e-05 -3.546151650866243843e-06
1.530999999999999917e+00 4.708025338362930109e-05 -1.060921664351688695e-05
1.631000000000000005e+00 5.848376718213864703e-05 -1.154729657162392099e-05
1.743000000000000105e+00 5.677901554976341476e-05 -1.538641486431732597e-05
1.905000000000000027e+00 5.431321408150633349e-05 -2.093942525196331619e-05
2.004999999999999893e+00 4.096609478960676050e-05 -2.947103271037473569e-05
2.104999999999999982e+00 4.127360741271366936e-05 -2.508945462247651534e-05
2.248000000000000220e+00 3.231562560395322213e-05 -2.011298613293796919e-05
2.442000000000000171e+00 1.444933470931619517e-05 -2.002665487726308901e-05
2.577999999999999847e+00 1.924512226477859613e-06 -1.996613399699616857e-05
2.794999999999999929e+00 -1.805994717628630106e-05 -1.986956759245257358e-05
2.903000000000000025e+00 -2.888566262325258172e-05 -1.915943793029889426e-05
3.022499999999999964e+00 -5.412801403778401112e-05 -9.743963469284598570e-06
3.157999999999999918e+00 -2.726469913701895043e-05 -6.010909907806683642e-06
3.293499999999999872e+00 -1.484477757751676466e-05 -3.134168203630475798e-06
3.407999999999999918e+00 -1.384892080564262151e-05 1.868104828601511656e-06
3.633000000000000007e+00 -4.159158177212864607e-06 1.277316437184297098e-05
3.741926998999999920e+00 2.498647639945405880e-06 2.567910899627750445e-05
3.897217999000000432e+00 2.049968365735518538e-05 1.505565319423432992e-05
3.998362999000000695e+00 2.488485598652304091e-05 6.334731039039822550e-06
4.110970999000001846e+00 1.628385260735447883e-05 2.549163190991514502e-06
4.236103999000001785e+00 2.626091022535784742e-05 -3.566629359514838656e-06
4.340321999000002151e+00 2.503428701900908251e-05 -1.176195451443098070e-05
4.457228999000001579e+00 7.216604077460139572e-06 -2.558158572801161950e-05
4.588082999000002715e+00 -4.989804250546047437e-06 -1.700001238304880646e-05
4.695939999000002807e+00 -1.020114480533116050e-05 -1.393095853595121307e-05
4.817930999000003212e+00 -1.011825297837538008e-05 -1.914748021896400489e-05
4.955536999000003107e+00 -2.137841029305219938e-05 -6.945473113189671024e-06
5.067680999000002018e+00 -2.313548577276728849e-05 7.655654584013915723e-06
5.195651999000002519e+00 -9.952605862598330196e-06 2.263260727335469628e-05
5.341184999000002875e+00 -6.423550655780385898e-06 1.781010893921875757e-05
5.458351999000003119e+00 -2.950580025886956607e-06 1.914673815311089335e-05
5.593319999000002873e+00 4.143466019250611522e-06 3.207847894867284981e-05
5.748111999000002470e+00 1.868152422716776810e-05 1.640931622524524362e-05
5.871135999000003380e+00 2.355868859691662940e-05 5.657637269642706825e-06
5.979254999000003679e+00 1.694620889722883023e-05 1.173786512703033194e-06
6.086928999000003948e+00 1.930401053102964821e-05 -2.848127745171903272e-06
6.199600999000004720e+00 3.124878734222290240e-05 -5.970225141889534164e-06
6.309635999000004603e+00 2.937156954260321110e-05 -1.229322293424125009e-05
6.427205999000003445e+00 1.362587188741143486e-05 -2.439533268327521466e-05
6.539780999000003092e+00 4.127703220757321700e-06 -2.547636944207253020e-05
6.640228999000003185e+00 -1.700382639550302563e-06 -1.707893020595272260e-05
6.742921999000003552e+00 -6.535856126473277811e-06 -1.285114442648258483e-05
6.882580999000003530e+00 -8.853967170647052256e-06 -1.663354616894749936e-05
6.989647999000004219e+00 -1.266096739048169839e-05 -1.626955611083748379e-05
7.091402999000004925e+00 -2.205208727682137819e-05 -8.834052351731553869e-06
7.194203999000004401e+00 -3.101084337977843891e-05 -6.645309198180145321e-07
7.306561999000003915e+00 -2.704570555125937378e-05 8.392706786467513030e-06
7.421613999000004291e+00 -1.693521131734784970e-05 1.937956954804720514e-05
7.546334999000004373e+00 -1.360062556594941398e-05 2.317037282211605452e-05
7.664441999000004557e+00 -1.672131183932830717e-05 1.848713715597169734e-05
7.785324999000004631e+00 -1.653581930899389267e-05 1.911580621660716899e-05
7.905516999000004041e+00 -8.866362827302083584e-06 2.958505404674584071e-05
8.008705999000003573e+00 -1.862442561784368251e-06 3.798920265204706485e-05
8.136013299000001808e+00 6.085972781508896645e-06 3.108824129716738485e-05
8.265622999000001414e+00 1.533124098633004563e-05 1.625489229593849610e-05
8.399881999000003319e+00 1.872957390119179736e-05 7.470083201219213189e-06
8.533553299000002923e+00 1.533052143458025785e-05 2.953595222174680862e-06
8.635997299000003125e+00 1.549064807820698742e-05 -3.297305003962351727e-07
8.739733299000002731e+00 2.080109914448953682e-05 -3.285288886845226902e-06
8.844794299000001914e+00 2.907278863195493867e-05 -5.789035193812507932e-06
8.951185999000001559e+00 3.269178820608364272e-05 -9.317243211119359295e-06
9.058915999000001662e+00 2.680848760554936343e-05 -1.577188670075047814e-05
9.167990999000002361e+00 1.641856852985203245e-05 -2.421336714340042556e-05
9.278415999000001690e+00 7.978501833668184601e-06 -2.870230961915276905e-05
9.390200999000002824e+00 2.073474446465740198e-06 -2.497211229086814658e-05
9.503349999000002768e+00 -3.118803704102621421e-06 -1.730893707327071565e-05
9.617869999000003389e+00 -7.493208768984531950e-06 -1.205659909991144739e-05
9.733767999000003002e+00 -9.684083311078404207e-06 -1.075156364353982007e-05
9.851049999000002444e+00 -1.058557327352971562e-05 -1.126394395865140164e-05
9.969721999000002555e+00 -1.330934078367083487e-05 -1.018947146456792061e-05
1.008978999900000240e+01 -2.028912800683396197e-05 -6.143023040079533034e-06
1.021126099900000206e+01 -2.996282960949480851e-05 -8.080950668164279913e-07
1.033414199900000341e+01 -3.491255385929218372e-05 4.855931112725937468e-06
1.045843899900000373e+01 -3.004099590806211378e-05 1.218115737508596242e-05
1.058415799900000387e+01 -2.055685081534843595e-05 2.105321392712841241e-05
1.071130599900000391e+01 -1.398235170948649528e-05 2.657599383132068109e-05
1.083988899900000469e+01 -1.204283774980050263e-05 2.466884710294843720e-05
1.096991299900000527e+01 -1.228250308039074126e-05 1.913827746983471170e-05
1.110138399900000472e+01 -1.100428981331285589e-05 1.654656478574564792e-05
1.123430799900000565e+01 -6.740849066867721528e-06 1.936279820809021980e-05
1.136869199900000638e+01 -1.260849158752822218e-06 2.506665531699815567e-05
1.150454199900000596e+01 4.370244346087581333e-06 2.695590935228391502e-05
1.164186199900000496e+01 1.142965037828041302e-05 2.115435999989607161e-05
1.178065899900000524e+01 1.987655467609768990e-05 1.180518933021527269e-05
1.192093899900000409e+01 2.511969411505163784e-05 3.756928328989444843e-06
1.206270799900000412e+01 2.331319427457376913e-05 -3.084771957145213964e-06
1.220596999900000412e+01 1.805396254875930357e-05 -9.913953171034590211e-06
1.235073299900000521e+01 1.553404737146616273e-05 -1.481418935099736445e-05
1.249699999900000691e+01 1.806691539941000316e-05 -1.536369280839218994e-05
1.264477799900000576e+01 2.327189879201076894e-05 -1.359718411196103054e-05
1.279407199900000514e+01 2.488496248256517239e-05 -1.392170297141425155e-05
1.294488699900000483e+01 1.931645225995360767e-05 -1.866797048671800920e-05
1.309722999900000673e+01 1.040485453551191880e-05 -2.596118765050850228e-05
1.325110399900000857e+01 2.531167441474116906e-06 -2.914414330883793853e-05
1.340651499900000765e+01 -4.557008555112740469e-06 -2.397997217487135891e-05
1.356294999900000775e+01 -1.183327851126428480e-05 -1.490830379037271868e-05
1.372038299900000702e+01 -1.691083918596431916e-05 -7.701222781936715531e-06
1.387930199900000794e+01 -1.714325435325948828e-05 -2.995346617761045076e-06
1.406411699900000656e+01 -1.452101772363844303e-05 1.438998005218372053e-06
1.420070398900000797e+01 -1.469820415250256494e-05 4.319541017714717853e-06
1.436515898900000821e+01 -1.918576650692784542e-05 6.567061367709749578e-06
1.453083298900000742e+01 -2.624757393927551829e-05 7.994046783761948503e-06
1.463174698900000692e+01 -2.969621343225585560e-05 9.180907412394644345e-06
1.476356698900000630e+01 -2.846832952155848320e-05 1.250423298831125018e-05
1.486468198900000637e+01 -2.339997370589134485e-05 1.702991508766600124e-05
1.503328898900000610e+01 -1.377680574304725612e-05 2.540269358127403317e-05
1.513577798900000637e+01 -8.342730568983314305e-06 2.973826390604971881e-05
1.527159498900000578e+01 -2.978546058602471183e-06 2.979821679126918964e-05
1.537492098900000670e+01 7.162964973391022555e-07 2.553766322493913665e-05
1.554794198900000701e+01 6.741677940203576950e-06 1.731675542402307745e-05
1.565263598900000730e+01 1.010662149602829935e-05 1.293256379763098992e-05
1.579285698900000590e+01 1.270867694145109001e-05 9.818409871772086419e-06
1.589838298900000524e+01 1.277032558177195606e-05 8.957355781140289403e-06
1.607579798900000512e+01 1.238149499164619476e-05 8.085988431048491180e-06
1.618268498900000196e+01 1.260364691204681873e-05 7.378919714478889482e-06
1.632728698900000097e+01 1.546756530253536597e-05 4.905918459120536231e-06
1.643500298899999734e+01 2.002401669619527884e-05 2.392644885038689343e-06
1.661678898899999623e+01 2.874157299798263065e-05 -2.047604691105750649e-06
1.672585598899999226e+01 3.327175009434527275e-05 -4.847590807927044713e-06
1.687481698899999216e+01 3.297075856338398635e-05 -9.595320901659136226e-06
1.698470998899998818e+01 2.804519727130471286e-05 -1.464719704311599067e-05
1.717083998899998676e+01 1.869696515378906540e-05 -2.386057637775976489e-05
1.728207598899998487e+01 1.374360808498914655e-05 -2.874332680639655942e-05
1.743536998899998380e+01 9.944417446313473340e-06 -2.979110080515954835e-05
1.754742698899998032e+01 8.674292355517987342e-06 -2.624245907760457187e-05
1.773787698899997878e+01 7.125314334179734357e-06 -1.923138653244928667e-05
1.785126898899997627e+01 6.106967356259631581e-06 -1.567361341740315298e-05
1.800886798899997743e+01 3.415190801722468194e-06 -1.411834007467833055e-05
1.812307598899997529e+01 1.026384432935085297e-06 -1.514694439123440914e-05
1.831781798899997682e+01 -3.140359627055673584e-06 -1.770927358837893407e-05
1.843335098899997249e+01 -5.759955035552802882e-06 -1.883840182742092781e-05
1.859522798899997298e+01 -1.056956051846885023e-05 -1.657867522387734634e-05
1.871157298899996846e+01 -1.571094283647599669e-05 -1.261375313767314300e-05
1.891057898899996914e+01 -2.516592047342128025e-05 -5.318783566853982539e-06
1.902823898899996635e+01 -3.013231209140690217e-05 -1.129084331050064660e-06
1.919436498899996479e+01 -3.101952967793432142e-05 4.417364026451379619e-06
1.931283198899996023e+01 -2.715377042117166152e-05 9.106214408884163392e-06
1.941440198899995906e+01 -2.333865018264013135e-05 1.324489203907687803e-05
1.951607298899995868e+01 -1.951973623391772050e-05 1.738768512108263665e-05
1.963584398899995520e+01 -1.558086928025585364e-05 2.176721551529998624e-05
1.980618998899995375e+01 -1.341162012623429948e-05 2.352979068564565467e-05
1.992597498899995045e+01 -1.389692305757350058e-05 2.134587528634727713e-05
2.002884798899994934e+01 -1.465763253733531222e-05 1.906345208227481743e-05
2.013181498899994892e+01 -1.541903711387762729e-05 1.677894331852023853e-05
2.025285298899994402e+01 -1.598679393988908487e-05 1.456854954847175510e-05
2.042566698899994293e+01 -1.347700661787056316e-05 1.455746758197013139e-05
2.059761698899993831e+01 -8.182713555723938480e-06 1.780310708915573172e-05
2.075828658899993684e+01 -2.936171401449729033e-06 2.117545398263285823e-05
2.088238898899993501e+01 1.081515490634741726e-06 2.334324307925369956e-05
2.106136598899993473e+01 6.987448333942480960e-06 2.156053837111015752e-05
2.118599758899993191e+01 1.222775670194349942e-05 1.723406649114217997e-05
2.140103658899992922e+01 2.161094184592365143e-05 9.122724301721140853e-06
2.152644798899992651e+01 2.648869992666813886e-05 4.611440006448441345e-06
2.170756798899992646e+01 2.799679252346875424e-05 -7.675810188220714508e-07
2.183352498899992256e+01 2.496108505978130815e-05 -4.666298907128073990e-06
2.205171198899992291e+01 1.872581034862881713e-05 -1.143561091561141478e-05
2.217893998899991814e+01 1.554121505680501836e-05 -1.504287263199106829e-05
2.236418498899991647e+01 1.431192176585069065e-05 -1.718034218892088385e-05
2.249220098899991171e+01 1.558706342451378785e-05 -1.615020290697920580e-05
2.271449498899990971e+01 1.842906918075512806e-05 -1.378490793500111684e-05
2.284377198899990447e+01 1.966565326608281876e-05 -1.276697911023613642e-05
2.303310698899990427e+01 1.729106943151023835e-05 -1.404799698936332461e-05
2.316316598899989998e+01 1.320868345624120488e-05 -1.704449674578448505e-05
2.338953398899990077e+01 5.557057692243737083e-06 -2.293061329571853375e-05
2.352084098899989684e+01 1.208417664433527411e-06 -2.585535617401666397e-05
2.371423298899989618e+01 -4.809877059532301127e-06 -2.470332708651501856e-05
2.384631698899989161e+01 -9.693387175837596130e-06 -2.040418897528294855e-05
2.407672498899989222e+01 -1.843685917789912555e-05 -1.218855678058713443e-05
2.421004598899988736e+01 -2.304102836638933436e-05 -7.710648077233954882e-06
2.440745998899988578e+01 -2.502952749459348361e-05 -2.882857038398674026e-06
2.454155198899988122e+01 -2.278263857722151675e-05 6.995130098633204028e-09
2.465870698899988156e+01 -2.044620525667827901e-05 2.475610572446613243e-06
2.477596398899988372e+01 -1.810773774042244029e-05 4.946375293742407263e-06
2.487628098899988416e+01 -1.618222343116624019e-05 7.072572751379961823e-06
2.501170198899988151e+01 -1.590448535795445544e-05 8.869820764945226635e-06
2.511267998899988285e+01 -1.601098053274952230e-05 1.012422694371105493e-05
2.524876098899988008e+01 -1.849865890129298818e-05 1.032071240342299928e-05
2.536789798899987858e+01 -2.104940298348689310e-05 1.035437956535178274e-05
2.548713898899987740e+01 -2.360237372393593841e-05 1.038807611684744025e-05
2.558943298899987795e+01 -2.587484976357496956e-05 1.046250413073718690e-05
2.572682998899987439e+01 -2.514241610323177670e-05 1.209805265128326108e-05
2.582977798899987576e+01 -2.429028965518562942e-05 1.353517896296605224e-05
2.596782998899987405e+01 -1.966606600482517905e-05 1.748026621020872182e-05
2.608893098899987351e+01 -1.529448023622296336e-05 2.126285196233758601e-05
2.621013498899987582e+01 -1.091917630398729198e-05 2.504865491607890951e-05
2.631438598899987369e+01 -7.225671562859232006e-06 2.838683062187079631e-05
2.645281098899987171e+01 -3.282457292188582565e-06 2.866973991048646993e-05
2.655677398899987196e+01 -4.535785805295270407e-07 2.854759520700932005e-05
2.669583298899986801e+01 3.330672149459154769e-06 2.429282849260081843e-05
2.681791398899986945e+01 6.656705142945013863e-06 2.018762077035043555e-05
2.694008698899986953e+01 9.985244628312441042e-06 1.607931937168483928e-05
2.704526698899987025e+01 1.288751785877571875e-05 1.263302178365482331e-05
2.725431098899986537e+01 1.567466890392783184e-05 8.518610703425913181e-06
2.743379797899986272e+01 1.545734010145094329e-05 6.307281291942933753e-06
2.754315197899986245e+01 1.477660486917943111e-05 5.284122535018941406e-06
2.768461197899986104e+01 1.389600785437306839e-05 3.960567495839151485e-06
2.779308997899986267e+01 1.329147668289474085e-05 2.961499518332279684e-06
2.793638397899986003e+01 1.443171767143929297e-05 1.236682452541817788e-06
2.804520997899986057e+01 1.556220440675226430e-05 -1.081616808345026068e-07
2.818856197899985716e+01 1.935138265641639515e-05 -1.831300366458019088e-06
2.844115297899985606e+01 2.674967591355436873e-05 -4.857548019220605804e-06
2.855038997899985631e+01 3.004398690222584859e-05 -6.175972766663147522e-06
2.869472997899985245e+01 2.999989712824640132e-05 -8.848917872158933582e-06
2.880460397899985381e+01 2.962979625037602524e-05 -1.099939654198947354e-05
2.894958097899985106e+01 2.488639336736412554e-05 -1.548722753427928949e-05
2.906158697899985199e+01 2.089653024969769394e-05 -1.916050856508933595e-05
2.920569897899985179e+01 1.576299138916223021e-05 -2.388671855305507429e-05
2.931683897899985070e+01 1.188713669698567890e-05 -2.758413641141011042e-05
2.946308097899984801e+01 8.432906712828299936e-06 -2.840629403477374807e-05
2.957485097899984794e+01 6.006492999509671285e-06 -2.869711148481175552e-05
2.972172297899984272e+01 3.639402167971212812e-06 -2.495427660423775318e-05
2.998161897899984396e+01 -3.043924144591021904e-07 -1.756030766858085337e-05
3.009464197899984583e+01 -2.011687666552124967e-06 -1.441446174475918964e-05
3.024276597899984154e+01 -3.924774676230603165e-06 -1.231414554861414211e-05
3.035641197899984078e+01 -5.364520968640403376e-06 -1.095343949510474816e-05
3.050515897899983742e+01 -6.449584141824350265e-06 -1.072902255439023017e-05
3.063692597899983738e+01 -7.336549072052162091e-06 -1.075276482785515365e-05
3.076879397899983815e+01 -8.224193864900696449e-06 -1.077652529987983392e-05
3.088367897899983916e+01 -9.020750684674928908e-06 -1.083366446652835860e-05
3.103366597899983503e+01 -1.138545929403641439e-05 -9.362164703395273310e-06
3.114916697899983689e+01 -1.336831640166322602e-05 -8.113241188540127927e-06
3.129976997899983360e+01 -1.793252714684754947e-05 -5.355545278477873900e-06
3.143338597899983355e+01 -2.225602709365581182e-05 -2.818105182646196902e-06
3.156710297899983431e+01 -2.658279516325334096e-05 -2.787470421965517667e-07
3.168383097899983625e+01 -3.041794077349758375e-05 1.919867872432409005e-06
3.183565997899983202e+01 -3.097684843634378735e-05 5.103716615718217626e-06
3.195299697899983116e+01 -3.104853597751149660e-05 7.594997500191372647e-06
3.210543597899982871e+01 -2.670258655425621484e-05 1.197909742294551617e-05
3.224088097899982586e+01 -2.243708664697779951e-05 1.601999667662803612e-05
3.237642697899982380e+01 -1.816840599850818200e-05 2.006390918901059518e-05
3.249497697899982285e+01 -1.450142908897282776e-05 2.363065907019155199e-05
3.264862797899981928e+01 -1.176737472024421651e-05 2.481753984095533085e-05
3.276778197899982104e+01 -9.885172740245531592e-06 2.545188508403615972e-05
3.292075597899981432e+01 -8.843330244542353200e-06 2.266753389009099604e-05
3.305672397899981263e+01 -8.103254610593589973e-06 1.986414826869302316e-05
3.319278397899981314e+01 -7.362678219420208507e-06 1.705886579305597041e-05
3.331181897899980981e+01 -6.738134294230832583e-06 1.466909512190171683e-05
3.346594297899980575e+01 -4.992263344522612186e-06 1.361396809662134261e-05
3.358552397899980235e+01 -3.567188519438793014e-06 1.304791841719736401e-05
3.382374397899980067e+01 3.330378924224383325e-08 1.488746856140587359e-05
3.401801597899979868e+01 3.017531697285915135e-06 1.657968925653778528e-05
3.414059497899980045e+01 4.900363345259887534e-06 1.770409632492038964e-05
3.429826997899979801e+01 8.069429055124199834e-06 1.659527923874313718e-05
3.442139597899979719e+01 1.062615579397250823e-05 1.554320701392315117e-05
3.457932297899979091e+01 1.548960654785162474e-05 1.199623640049401537e-05
3.470421097899978946e+01 1.950767611472649336e-05 9.030617834264502647e-06
3.486043597899978863e+01 2.453396301246705581e-05 5.320863810585622451e-06
3.498362697899978713e+01 2.852573867223065046e-05 2.428125773764990915e-06
3.514161297899978109e+01 2.953612842542312439e-05 -9.889419256455686041e-07
3.526506497899978143e+01 2.998028281688948311e-05 -3.618922965343609891e-06
3.542361097899977551e+01 2.630973629114501913e-05 -7.561430915513086558e-06
3.570671997899977868e+01 1.897668853859613974e-05 -1.473540766792037197e-05
3.583127997899978112e+01 1.580531283092738700e-05 -1.791367084352665662e-05
3.599093297899977983e+01 1.393051033486566881e-05 -1.940690011104226413e-05
3.611604097899977717e+01 1.270627104223317419e-05 -2.037374136207921216e-05
3.627623997899977581e+01 1.292261027651983615e-05 -1.872893727983159892e-05
3.640338897899977866e+01 1.329366842857743477e-05 -1.720286953043948503e-05
3.656263397899977718e+01 1.375839214189352281e-05 -1.529157916439686423e-05
3.668882297899978084e+01 1.415471385731571454e-05 -1.382817924766037548e-05
3.685010397899977619e+01 1.266656199731396132e-05 -1.389413183398349615e-05
3.697682797899977913e+01 1.134149155518037453e-05 -1.417180514754915235e-05
3.713864297899977629e+01 8.083852285378645154e-06 -1.654345782149834365e-05
3.728339697899977523e+01 5.036472043451755169e-06 -1.893368118171878867e-05
3.742824097899977431e+01 1.987197109690648009e-06 -2.132539065011179708e-05
3.755602197899977313e+01 -6.869476998561748264e-07 -2.349475560201694533e-05
3.771889197899977120e+01 -4.242432822759992773e-06 -2.292278430108019523e-05
3.784719297899977164e+01 -7.059194966697932972e-06 -2.223322297663259928e-05
3.801058397899976882e+01 -1.169618307782703053e-05 -1.825007029254634662e-05
3.815690297899976713e+01 -1.598425723818150529e-05 -1.443567845747838114e-05
3.830331097899976811e+01 -2.027493966267298180e-05 -1.061896648030085578e-05
3.843264297899976611e+01 -2.411000339763856281e-05 -7.296307983286071588e-06
3.859706297899975880e+01 -2.554893746980236525e-05 -4.044678836195011857e-06
3.872690397899975778e+01 -2.643630019122864808e-05 -1.589159272383292391e-06
3.889183197899975397e+01 -2.385907117840459061e-05 1.348921349808604500e-06
3.903967697899975065e+01 -2.125261990543998462e-05 3.962241773815980470e-06
3.918647697899974958e+01 -3.838571407342995610e-05 6.557090691562820868e-06
3.931618497899975040e+01 -5.359547093437535609e-05 8.867170644871542922e-06
3.948097097899974983e+01 -8.069976875725400262e-05 1.053219353374684237e-05
3.961114597899975109e+01 -1.030659647883198221e-04 1.176567914576268701e-05
3.977595797899974883e+01 -1.461750038999594186e-04 1.168036411532977911e-05
3.992363597899974792e+01 -1.869034969028380319e-04 1.148480987756362490e-05
4.007138297899975043e+01 -2.276510195920418487e-04 2.699372288721435959e-05
4.033176097899975332e+01 -3.011169168416293995e-04 5.446683625118052931e-05
4.046500397899975354e+01 -2.853562841023255512e-04 7.883753152318960197e-05
4.061545097899975332e+01 -2.424874703898436648e-04 1.116600836136908120e-04
4.076589697899975562e+01 -2.005026273263626493e-04 1.447809778702902278e-04
4.091634397899975539e+01 -1.592533525106351448e-04 1.783025580297307154e-04
4.121245797899975116e+01 -7.938093229040588811e-05 2.454274755476729022e-04
4.134446297899975065e+01 -4.913847230993802966e-05 2.535363510359547054e-04
4.144454697899975315e+01 -3.244708146607265347e-05 2.314336741860603230e-04
4.159606897899975309e+01 -7.277730913526174766e-06 1.985961412062075822e-04
4.174758997899975554e+01 1.783461532116602130e-05 1.664825140822817856e-04
4.189911197899975548e+01 4.298055165592077844e-05 1.349777120892722241e-04
4.218719997899975738e+01 9.106753638300566628e-05 7.614565280354838362e-05
4.243111797899975812e+01 9.827297842539885761e-05 5.046553668026739810e-05
4.258374197899976110e+01 9.772329741953443463e-05 3.814698229567758893e-05
4.273636497899975950e+01 9.754307286310703862e-05 2.597712522598659199e-05
4.288898797899975790e+01 9.771965004247143351e-05 1.391363125659879719e-05
4.314667697899975707e+01 9.867167603594234582e-05 -6.333767049001248989e-06
4.327868197899975655e+01 1.131251522446026790e-04 -1.541524924992532976e-05
4.342488997899975800e+01 1.383922298240771809e-04 -2.447227707333039329e-05
4.357863997899976027e+01 1.652938091788211481e-04 -3.404820747742826016e-05
4.373239097899976002e+01 1.926967166313176959e-04 -4.371620753391045294e-05
4.388614097899976230e+01 2.206805930517753938e-04 -5.350537729986204504e-05
4.412535197899976680e+01 2.653721439975222866e-04 -6.899940848895282216e-05
4.431256097899976965e+01 2.374896867734759410e-04 -9.629748165338182747e-05
4.442602897899976711e+01 2.071494239218170342e-04 -1.161974617063537987e-04
4.458093297899976903e+01 1.663137534809079751e-04 -1.436261895948469803e-04
4.473583697899977096e+01 1.261233002073225548e-04 -1.714685268319912051e-04
4.489074097899977289e+01 8.643472510984691489e-05 -1.998092352202342789e-04
4.512337397899977276e+01 2.742466091807835318e-05 -2.433488059061256626e-04
4.543470597899977292e+01 -4.518723772726884584e-05 -2.069280033822113623e-04
4.559078797899977076e+01 -8.124995602708518221e-05 -1.803779527463156090e-04
4.574686997899976859e+01 -1.175134283872494048e-04 -1.544930841197235968e-04
4.590295297899976390e+01 -1.540949073049072224e-04 -1.291793961332974065e-04
4.614088597899976207e+01 -2.106032234342970950e-04 -9.139922781508194073e-05
4.631206097899976015e+01 -2.078710290494183231e-04 -7.948722126657570633e-05
4.645108097899976229e+01 -1.914738560429136939e-04 -7.461362780436562139e-05
4.660836597899976397e+01 -1.734481279406447697e-04 -6.930889390158939472e-05
4.676565197899976312e+01 -1.560515261170031948e-04 -6.426390447517564162e-05
4.692293697899976479e+01 -1.392144879404701185e-04 -5.946186124987211125e-05
4.716177297899976395e+01 -1.144756131764652820e-04 -5.255141778950025993e-05
4.747531497899976216e+01 -1.239962410170905322e-04 -2.484840858108128432e-05
4.763382897899975887e+01 -1.330045869571044913e-04 -9.245940717614351369e-06
4.779234197899975811e+01 -1.424356181763540737e-04 6.264848450757681058e-06
4.795085597899975483e+01 -1.523136807540736667e-04 2.173928864647492636e-05
4.819061297899975216e+01 -1.680509938797468861e-04 4.518013531074593621e-05
4.836186097899975067e+01 -1.510039619070644486e-04 7.041502955973451164e-05
4.850756897899974973e+01 -1.269296701868712128e-04 9.493850923371988050e-05
4.866733497899974736e+01 -1.008984455957870433e-04 1.220294737515922027e-04
4.882709997899974042e+01 -7.527044055888259069e-05 1.494559187054403881e-04
4.898686597899974515e+01 -4.995552265367089035e-05 1.773053691580003626e-04
4.922756097899974037e+01 -1.218925305719295896e-05 2.201239890940728057e-04
4.954800297899974026e+01 3.612933545605494842e-05 1.950868956726427652e-04
4.970902997899974451e+01 6.038511083562262701e-05 1.755857246481384176e-04
4.987005597899974418e+01 8.476738539640905087e-05 1.567205198833016141e-04
5.003108297899974843e+01 1.093509901766079177e-04 1.384222826241690736e-04
5.027272497899974724e+01 1.467084873356101857e-04 1.117926304816975198e-04
5.044396097899974762e+01 1.409825456454546003e-04 1.106902786942669226e-04
5.059663097899974815e+01 1.243690769189594709e-04 1.159502623764708097e-04
5.075891097899974369e+01 1.070332036537275386e-04 1.218396459387034280e-04
5.092119097899973923e+01 9.007024867653679729e-05 1.281343904994513682e-04
5.108347097899973477e+01 7.342062051934417164e-05 1.348520181906998983e-04
5.132605497899973557e+01 4.895222802916300413e-05 1.456261808280025466e-04
5.165340097899973415e+01 3.235034819409560652e-05 1.079505054842302465e-04
5.181693097899972855e+01 2.551586573610456214e-05 8.488806853940778277e-05
5.198046097899972295e+01 1.875130236606669098e-05 6.217375453974167097e-05
5.214399097899972446e+01 1.203039689009238714e-05 3.972603047963905478e-05
5.238750997899972361e+01 2.051652774727495193e-06 6.600277695681633057e-06
5.251951497899972310e+01 5.501720710083843069e-08 -1.119401008636452344e-05
5.263443697899972307e+01 9.001260825165497841e-08 -2.680051036633090020e-05
5.280066097899972277e+01 1.333878012931781894e-07 -4.939500288995772018e-05
5.296543397899971950e+01 1.499941776748486123e-07 -7.191427776668616050e-05
5.313020697899971623e+01 1.453168130063367463e-07 -9.463059639228635258e-05
5.329497997899971296e+01 1.239272335244933558e-07 -1.176236609795654149e-04
5.345704697899971336e+01 9.307533222196775448e-08 -1.404969867841210406e-04
5.379121897899971572e+01 5.635509984451256681e-08 -1.363950022119034960e-04
5.395722897899971571e+01 3.461976761282118072e-08 -1.303419046398938833e-04
5.412323897899971570e+01 5.226643477568080158e-09 -1.247589969660787711e-04
5.428924797899971821e+01 -3.225479528986772826e-08 -1.196211174555902016e-04
5.453462897899972006e+01 -1.020610933290539925e-07 -1.127122791696908105e-04
5.466663397899971955e+01 -1.332881887833969129e-07 -1.205339478898771375e-04
5.487218997899972095e+01 -1.744206876420811761e-07 -1.433132792042959424e-04
5.503942897899972309e+01 -2.159955917108645884e-07 -1.622024267180073543e-04
5.520666897899972270e+01 -2.681560128939285290e-07 -1.816078728925089229e-04
5.537390797899972483e+01 -3.306391180310858228e-07 -2.015881581431046992e-04
5.562021097899972233e+01 -4.387024811320644316e-07 -2.320493348400067826e-04
5.596114397899972204e+01 -7.426046423503093183e-07 -1.929219553001572081e-04
5.612960597899972726e+01 -9.176240592835037679e-07 -1.673942870785815728e-04
5.629806797899973247e+01 -1.111638751302324630e-06 -1.424909474347430178e-04
5.646653097899973517e+01 -1.328546297091531633e-06 -1.181197192860693575e-04
5.671375097899974094e+01 -1.690080194288143528e-06 -8.306536553787654349e-05
5.688493697899973967e+01 9.494199368066152550e-07 -7.007497254672637318e-05
5.705803697899973770e+01 4.773430486934623517e-06 -6.134059880303208070e-05
5.722771597899973983e+01 8.509739888250021980e-06 -5.294317911140760161e-05
5.739739497899974197e+01 1.224135138625809503e-05 -4.473620159661370399e-05
5.756707397899974410e+01 1.598258826335680286e-05 -3.668981242588685311e-05
5.781520697899974692e+01 2.149423934703271715e-05 -2.513371254661239296e-05
5.816282897899974813e+01 3.707804303310302069e-05 -1.264098416720150662e-06
5.833371797899975064e+01 4.545797528856728180e-05 1.104222995166577704e-05
5.850460697899975315e+01 5.394993663733948038e-05 2.335791768906641047e-05
5.867549597899975566e+01 6.257865868150778413e-05 3.572124135870729091e-05
5.892453697899975396e+01 7.541492761782556315e-05 5.387846999223233570e-05
5.927547697899975532e+01 5.057044168425922718e-05 9.925797970612154218e-05
5.944756897899976167e+01 3.512258332960411638e-05 1.233391092664010819e-04
5.961966197899975839e+01 1.981220368327221663e-05 1.477523069621133791e-04
5.979175497899976222e+01 4.593237342452340642e-06 1.725669853524534946e-04
6.004169797899975691e+01 -1.743967297437076292e-05 2.093647197866620191e-04
6.039593797899975414e+01 -5.599019364585387299e-05 1.902135615617944102e-04
6.056922797899974853e+01 -7.557190071462373433e-05 1.756988958538160809e-04
6.074251797899974292e+01 -9.533075758740604049e-05 1.617494017460420724e-04
6.091580797899973732e+01 -1.153219034281917832e-04 1.483154352454934470e-04
6.116664897899973852e+01 -1.447222516013534814e-04 1.296123168951534882e-04
6.152416997899973694e+01 -1.376037161051715839e-04 1.457948043032955218e-04
6.169865097899973705e+01 -1.306356855124377069e-04 1.573066307610371120e-04
6.187313097899973968e+01 -1.240670978385345592e-04 1.692643629385708504e-04
6.204761097899974231e+01 -1.178744924631234658e-04 1.816978486208008334e-04
6.229934597899973880e+01 -1.094999108951396743e-04 2.004419513850086302e-04
6.266012697899974171e+01 -1.337303521083622784e-04 1.613942043804253781e-04
6.283579697899973837e+01 -1.485767109694707778e-04 1.377536877406801137e-04
6.301145697899973186e+01 -1.638282946195767319e-04 1.145758638987262303e-04
6.318712697899972852e+01 -1.795282608857875887e-04 9.178561582286996897e-05
6.343974597899972423e+01 -2.028821734652964210e-04 5.951060685033626952e-05
6.361093697899972454e+01 -1.914417252386078146e-04 4.463150098873662063e-05
6.380377697899972134e+01 -1.662762295864100826e-04 3.086555566944793787e-05
6.398061697899971989e+01 -1.436082742425312021e-04 1.833448539822422671e-05
6.415745697899971844e+01 -1.214197532065153576e-04 5.896386330083254189e-06
6.433429697899971700e+01 -9.964047113307476105e-05 -6.483443904745245488e-06
6.458780597899972520e+01 -6.894975454161509525e-05 -2.419558627978808871e-05
6.495506697899972437e+01 -4.534494235269694512e-05 -4.113545700914143891e-05
6.513307697899972482e+01 -3.552443857642662093e-05 -4.874171099179101541e-05
6.531108697899972526e+01 -2.583387182080284489e-05 -5.645675132832185311e-05
6.548909697899972571e+01 -1.624340191708415469e-05 -6.430236905621883510e-05
6.574348397899973406e+01 -2.646810129093238012e-06 -7.575513024370466501e-05
6.587548897899972644e+01 -3.168223518991301643e-08 -8.818796263276905759e-05
6.602651297899973315e+01 -5.706914105013513400e-08 -1.068782557440306100e-04
6.619395897899973136e+01 -8.521656025949271905e-08 -1.276008880429258820e-04
6.637313497899974379e+01 -1.144463966831469067e-07 -1.500267986079013426e-04
6.655231197899975371e+01 -1.408343266935722497e-07 -1.728341951424540543e-04
6.673148797899976614e+01 -1.622178399016465368e-07 -1.960842142780769054e-04
6.690673597899977665e+01 -1.760516403370458825e-07 -2.193248424892834043e-04
6.736040197899977500e+01 -2.768031910120531450e-07 -1.924116989089569654e-04
6.754073597899976278e+01 -3.041599094011729945e-07 -1.779522469648806948e-04
6.772106997899975056e+01 -3.063066888237624617e-07 -1.640349340791167297e-04
6.790140397899973834e+01 -2.789578037834002082e-07 -1.506149456834067512e-04
6.807752097899972910e+01 -2.197596867559809318e-07 -1.379574199448663913e-04
6.820952597899973568e+01 -1.554336727798293420e-07 -1.393717470000091084e-04
6.853435997899973131e+01 2.073221577572480262e-08 -1.584695300343939286e-04
6.871584397899974306e+01 1.431211013998678670e-07 -1.694756071203030730e-04
6.889732897899975228e+01 2.959505988273467354e-07 -1.809465033553045660e-04
6.907881397899976150e+01 4.773681220483938073e-07 -1.929096184877127649e-04
6.925579297899976439e+01 6.802313224068794511e-07 -2.050890466992201348e-04
6.971578697899975907e+01 1.528357575569655915e-06 -1.583493505856700440e-04
6.989841497899975309e+01 1.904790420071738966e-06 -1.364581548660719794e-04
7.008104397899974458e+01 2.316477662336560326e-06 -1.150003753886303537e-04
7.026367297899973607e+01 2.765671045617394210e-06 -9.391044872809180754e-05
7.044150997899973277e+01 3.241252096774385124e-06 -7.367267469414992326e-05
7.061271297899973831e+01 -3.370584309761080819e-06 -6.205045490451846361e-05
7.090463997899973947e+01 -1.941796387466340751e-05 -4.739703815634036525e-05
7.108840597899973091e+01 -2.953402267691052923e-05 -3.828229553665012840e-05
7.127217297899971982e+01 -3.969488689284735348e-05 -2.928816971764065206e-05
7.145593897899971125e+01 -4.993141649796013748e-05 -2.038686169560081663e-05
7.163462997899971185e+01 -5.998964659832097863e-05 -1.179567969737309168e-05
7.210087697899970749e+01 -1.099606668789942441e-04 1.409592120868176990e-05
7.228577397899971402e+01 -1.311053505944778869e-04 2.453529571554941371e-05
7.247067097899972055e+01 -1.525647326948290691e-04 3.503161669681402804e-05
7.265556897899972455e+01 -1.743943671678151652e-04 4.561300775877782416e-05
7.283510697899973252e+01 -1.960086303292862277e-04 5.599816022832449283e-05
7.330461597899973469e+01 -1.877938544553281160e-04 1.050941413715428973e-04
7.349063997899973799e+01 -1.819265036904044142e-04 1.257820581874725366e-04
7.367666297899974381e+01 -1.765591809718309332e-04 1.467843572802900794e-04
7.386268697899974711e+01 -1.716710843196746997e-04 1.681554269199217694e-04
7.404306997899975329e+01 -1.673810414155706822e-04 1.892921192299404311e-04
7.451558997899975623e+01 -2.174007257719786203e-04 1.753957445661853286e-04
7.470273597899976892e+01 -2.404148536023680623e-04 1.670835080515517014e-04
7.488988097899976992e+01 -2.640049218771735860e-04 1.592467000236737792e-04
7.507702697899978261e+01 -2.882224884181098633e-04 1.518576151304273957e-04
7.525825197899979457e+01 -3.123380067210350820e-04 1.451138446723719685e-04
7.573384897899978796e+01 -2.640242858553770396e-04 1.794293366426756966e-04
7.592211197899979425e+01 -2.403547219026477637e-04 1.957114686498777996e-04
7.611037297899980558e+01 -2.173315351757368666e-04 2.124818123066463322e-04
7.629863297899981944e+01 -1.948881052078819248e-04 2.297781913374414501e-04
7.648069897899981129e+01 -1.736861580333845187e-04 2.470559565369797629e-04
7.695936297899980616e+01 -1.780341251132048813e-04 2.057513796630484524e-04
7.714873297899980287e+01 -1.827457956697838568e-04 1.859272715500652950e-04
7.733811297899980275e+01 -1.878792006034674664e-04 1.666242638458617805e-04
7.752748297899979946e+01 -1.934386762041460765e-04 1.477886646930505617e-04
7.771038097899979391e+01 -1.992300512102405854e-04 1.299982319437024286e-04
7.788161297899979729e+01 -1.871017432878446134e-04 1.258523431600346227e-04
7.819209297899979560e+01 -1.523981763068239716e-04 1.272467992530258447e-04
7.838257297899980358e+01 -1.313992104990476971e-04 1.283494364297128312e-04
7.857305297899981156e+01 -1.107402387093323032e-04 1.297773771812632201e-04
7.876353297899981953e+01 -9.036966825501408396e-05 1.315310808956438602e-04
7.894726497899981155e+01 -7.095253209985469104e-05 1.335404219619240325e-04
7.943201297899980773e+01 -4.255516111252551022e-05 9.407090938699653169e-05
7.962359297899979538e+01 -3.239379895350303306e-05 7.669376700152246774e-05
7.981518297899978620e+01 -2.231429130364584427e-05 5.954638982207278997e-05
8.000676297899977385e+01 -1.229302619272338902e-05 4.258624218792808006e-05
8.019131897899976025e+01 -2.671982098516817644e-06 2.638642909722115892e-05
8.032332397899975263e+01 -3.955518158380699071e-08 1.628682449031234019e-05
8.050826797899975418e+01 1.193434393772945636e-07 3.236822193390216654e-06
8.063908397899975000e+01 2.317368233187017834e-07 -5.993804917920046393e-06
8.083176397899974575e+01 4.037595000332524453e-07 -1.957757061575468539e-05
8.102444497899973896e+01 5.830704344526980080e-07 -3.317161218783446766e-05
8.121712497899973471e+01 7.682890043849900730e-07 -4.680722690599537064e-05
8.144250797899972838e+01 9.907998762012106433e-07 -6.284812488641318732e-05
8.189328097899972647e+01 1.757875988168168089e-06 -7.538915204867384216e-05
8.208705297899972209e+01 2.108417730448541374e-06 -7.986670270085054874e-05
8.228082497899971770e+01 2.464464785057631195e-06 -8.451439131432421684e-05
8.247459697899971331e+01 2.826885765968088269e-06 -8.934209568679586145e-05
8.270079897899971400e+01 3.259067217361690099e-06 -9.521237117228693923e-05
8.283280397899972058e+01 -2.272669567783294617e-07 -1.045356157253390293e-04
8.315456697899972482e+01 -1.403318647704390058e-05 -1.357993785334767859e-04
8.334942497899973546e+01 -2.240795025443158338e-05 -1.549473922264932063e-04
8.354428297899974609e+01 -3.081667374462975938e-05 -1.744118959704842953e-04
8.373914197899975420e+01 -3.927803731559538264e-05 -1.942337823172034586e-04
8.396615797899976030e+01 -4.922353545297262340e-05 -2.178170955400901944e-04
8.442290597899976490e+01 -8.429395585097823010e-05 -2.016568503688256030e-04
8.461884497899977475e+01 -1.002513085717504263e-04 -1.917976694216005700e-04
8.481478497899978208e+01 -1.163992319403743178e-04 -1.823895211075833318e-04
8.501072497899978941e+01 -1.327701024573415113e-04 -1.734068918526733636e-04
8.523855197899979430e+01 -1.521191472160561705e-04 -1.634530385048875195e-04
8.569826497899978790e+01 -1.268028580600074836e-04 -1.900691086031291608e-04
8.589528097899977865e+01 -1.128872971798499340e-04 -2.041563274807354697e-04
8.609229597899977193e+01 -9.923543958196695818e-05 -2.186711471520667708e-04
8.628931197899976269e+01 -8.581332495958865665e-05 -2.336407925626759628e-04
8.651794597899976225e+01 -7.047717230428387418e-05 -2.516029385769325043e-04
8.698061097899976346e+01 -5.861824245818705225e-05 -2.173760344969318415e-04
8.717869797899976447e+01 -5.457913397799038448e-05 -1.995282153260538940e-04
8.737678497899976549e+01 -5.064111780701238051e-05 -1.821501375147324393e-04
8.757487097899975481e+01 -4.679151106538644164e-05 -1.651992075748993959e-04
8.780430897899975662e+01 -4.242573101263725133e-05 -1.460343157556226218e-04
8.797556797899976289e+01 -3.700369925528176787e-05 -1.434391577143763962e-04
8.826990997899976321e+01 -2.622731358884157824e-05 -1.469165016750299422e-04
8.846906197899976121e+01 -1.896463252825881845e-05 -1.495075131529804253e-04
8.866821397899975921e+01 -1.172752868233075580e-05 -1.524138281800525917e-04
8.886736597899975720e+01 -4.502053711142114306e-06 -1.556377354717308542e-04
8.909760297899975967e+01 3.853602420436120887e-06 -1.597546040547731495e-04
8.956612697899976183e+01 2.238537662039705295e-05 -1.252004370241347701e-04
8.966623297899975853e+01 2.640224851145257196e-05 -1.168247202042122993e-04
8.976633897899975523e+01 3.043600798335181122e-05 -1.085184222192388129e-04
8.986644497899975192e+01 3.448875933126836036e-05 -1.002764272289790551e-04
8.996655097899974862e+01 3.856263916055065237e-05 -9.209397010296799572e-05
9.006665797899974280e+01 4.265988423406499603e-05 -8.396649570996647161e-05
9.016676397899973949e+01 4.678269304105153585e-05 -7.588992207664595831e-05
9.026686997899973619e+01 5.093350009461450464e-05 -6.786010085639877115e-05
9.039779597899973851e+01 5.640215920807449188e-05 -5.741408830162041983e-05
9.086922797899973148e+01 4.024190041641809195e-05 -3.424331316557693004e-05
9.096985797899972681e+01 3.593901647614056362e-05 -2.966774394263374252e-05
9.107049797899972532e+01 3.166384128413068217e-05 -2.511044800753777734e-05
9.117112797899972065e+01 2.741441317971680513e-05 -2.056969959364740960e-05
9.127175797899971599e+01 2.318763152865363134e-05 -1.604252043028075916e-05
9.137239797899971450e+01 1.898049908735058056e-05 -1.152600192774008673e-05
9.147302797899970983e+01 1.479133616729010345e-05 -7.018613358271707402e-06
9.157365797899970516e+01 1.061725627517699841e-05 -2.517487824937866981e-06
9.170485197899969876e+01 5.191860864375126879e-06 3.345767950491689712e-06
9.183685697899969114e+01 -8.735373153733851728e-08 8.995364451173695324e-06
9.217917797899968946e+01 -1.358231229518717711e-05 2.318094934682991305e-05
9.228033797899968249e+01 -1.757125771573805098e-05 2.738303946251792128e-05
9.238148797899968656e+01 -2.156286567173846316e-05 3.159677472106133081e-05
9.248264797899969381e+01 -2.555995594804201870e-05 3.582498853005313750e-05
9.258380797899968684e+01 -2.956417214695569390e-05 4.006929088442352132e-05
9.268496797899967987e+01 -3.357759239708979103e-05 4.433177095353280452e-05
9.278612797899967291e+01 -3.760236035258942601e-05 4.861460767345030193e-05
9.288728797899966594e+01 -4.164071040911921403e-05 5.292009644663162070e-05
9.301873697899966942e+01 -4.690891221024431814e-05 5.854732256878765326e-05
9.349593797899966319e+01 -3.370295026499466642e-05 9.400610485426182323e-05
9.359761797899966496e+01 -3.012264406486831294e-05 1.019767568834843821e-04
9.369929797899966673e+01 -2.655969983991845641e-05 1.099944111484983352e-04
9.380097797899966849e+01 -2.301222173042686853e-05 1.180626658909783393e-04
9.390265797899967026e+01 -1.947839990144862432e-05 1.261853122544690658e-04
9.400433797899967203e+01 -1.595648678685994401e-05 1.343663837297155315e-04
9.410601797899967380e+01 -1.244477371795139344e-05 1.426102048897946836e-04
9.420770797899967874e+01 -8.941223490405431814e-06 1.509222566065717688e-04
9.433941697899967949e+01 -4.412236941507948654e-06 1.617818361633710750e-04
9.447142197899967186e+01 2.095349230516566899e-08 1.670105837135143611e-04
9.481948797899967474e+01 1.159250290712176610e-05 1.719721826830473456e-04
9.492168797899967103e+01 1.499393916587264321e-05 1.735187987358047387e-04
9.502388797899966733e+01 1.840080106471982354e-05 1.751546923332782558e-04
9.512608797899966362e+01 2.181474417061214101e-05 1.768797319975371678e-04
9.522828797899965991e+01 2.523744449952025921e-05 1.786941699728241664e-04
9.533047797899965303e+01 2.867028328991804524e-05 1.805984634872577098e-04
9.543267797899964933e+01 3.211571997862752530e-05 1.825940823076842214e-04
9.553487797899964562e+01 3.557527991216930717e-05 1.846822884164863907e-04
