-7.941321456846316129e-02 2.455376895858179809e-01 3.785504929896081450e+01
1.130948481469069150e-01 -7.963806986355014082e-04 3.787074696734073598e+01
4.909309242164923090e-05 5.429045629247604941e-06 3.786471240798724125e+01
1.230735356474633611e-04 1.130708913429059444e-05 3.785343129930794959e+01
7.157118842769138783e-05 1.133989878187662761e-05 3.786316883694790647e+01
1.182434148545698585e-04 -2.686203576746891352e-05 3.787306324331250096e+01
1.387902617125102052e-05 7.373829763344922250e-05 3.787256288470501175e+01
1.665784776146701069e-04 2.564951986306139673e-05 3.786321705423913642e+01
-3.756066845165468470e-05 -1.178247663502788515e-04 3.787244036001214909e+01
-7.133995773320619092e-03 -4.302421537091103321e-04 3.786552996123212722e+01
